['Baseline', 1.0, 1.0, 1.0, 1.0, 1.0, 1.0, 1.0, 1.0, 1.0, 1.0, 1.0, 1.0, 1.0, 1.0, 1.0, 1.0, 1.0, 1.0, 1.0, 1.0, 1.0, 1.0, 1.0, 1.0]
['0.25-weight', 0.974424604722044, 0.9774757101961281, 0.9876924776569002, 0.9779523232207837, 0.9798899876682944, 0.9809983637557488, 0.9778969958924896, 0.9814266724943607, 0.9955587460540981, 0.9773114040148558, 0.988731140593981, 0.9875703525875529, 0.981050763873667, 0.9865560434692656, 0.9824282224656593, 0.9795016367604791, 0.9770123248758007, 0.9776192299296703, 0.9777834874189075, 0.9779528694040991, 0.9822842677434391, 0.9742100662259265, 0.9856848885418784, 0.9753387298927131]
['0.5-weight', 0.9546019586570255, 0.949615712141725, 0.9569437785936766, 0.9506169364389024, 0.9456833090224478, 0.9503261752547866, 0.9573970282061842, 0.9722485131810713, 0.9558147005955384, 0.9587409831527494, 0.9504872217631324, 0.9485275023517993, 0.9614884133585482, 0.9490471996860013, 0.9570760139923259, 0.9854647459611067, 0.9655395638850363, 0.9529399719197063, 0.9604050523592096, 0.9577943251852787, 0.9678709624518622, 0.9602144732004516, 0.9638704262631494, 0.9652983640779536]
['0.75-weight', 0.9487707453450964, 0.9314485934755857, 0.9213287923568776, 0.9576429424949979, 0.924455810733786, 0.9338511234492074, 0.9408864194848312, 0.9239123908941017, 0.9450300032438874, 0.9184520169444476, 0.9440571025749978, 0.9379618982447755, 0.9190045148481745, 0.933778287176327, 0.9278962186166958, 0.9398924245055276, 0.9375345763397285, 0.948433073415644, 0.9178352114867975, 0.9253477714658088, 0.9510215537800669, 0.9538591680215924, 0.9272026829047224, 0.927329461452656]
['0.25-weight-B=25', 0.9724440744187983, 0.9740105045273314, 0.9734513037243998, 0.9751742079706187, 0.9770232224721196, 0.9742333533084976, 0.9717615974333766, 0.9736687506409317, 0.9689955634416061, 0.9747072706840016, 0.9732223542705354, 0.9761420178927961, 0.9708970822338182, 0.9758647698922094, 0.9761488521832176, 0.9831788327615475, 0.9843580385123035, 0.9827859396856607, 0.9718466109439603, 0.9706299270602085, 0.9729343022287341, 0.9724977982678076, 0.9704343452160247, 0.9757009817750099]
['0.5-weight-B=25', 0.9490015425659428, 0.9364261858439061, 0.9374004756241303, 0.9474470702558424, 0.940261286790649, 0.9578112674600302, 0.948964151389967, 0.9436795756340637, 0.9603632906597422, 0.9504212337777828, 0.9454091554501544, 0.9400609753435617, 0.9516945759246377, 0.9557814576891541, 0.9473323225769934, 0.946796984592422, 0.9435522038456851, 0.9438156633739053, 0.9513896971614559, 0.9449727097733694, 0.9542795191470403, 0.9399409928349837, 0.9519163050231332, 0.9427788364306803]
['0.75-weight-B=25', 0.9106644990356322, 0.9223889655211367, 0.9155474516295378, 0.9145057573533621, 0.9056415050495291, 0.9109911234296764, 0.9167407545233084, 0.9129570742643744, 0.9097466176714991, 0.921382477700198, 0.907679880920818, 0.9291955250922613, 0.9233073911031217, 0.9347486983647552, 0.9438903429902514, 0.9421126347727824, 0.9328151334744194, 0.9167816219526463, 0.934359509482066, 0.916925870333232, 0.933934258349858, 0.9114704204472083, 0.9396209635731719, 0.9330250547542905]
['0.25-weight-B=50', 0.9763621780297291, 0.975992543377928, 0.9768660637760319, 0.9813930969459737, 0.9743330133496956, 0.9840241722313232, 0.9765192240833851, 0.9755970490620753, 0.9771495772036245, 0.9741931633072269, 0.9747050892792186, 0.9776793776978513, 0.9738153243417811, 0.9753826776070721, 0.9817295694550083, 0.9781870010584441, 0.9798536090527787, 0.9811106532129207, 0.976410484414481, 0.9754947446363073, 0.9811274604633813, 0.9757889772534323, 0.973495870108138, 0.9765730782889841]
['0.5-weight-B=50', 0.9449704991770534, 0.956135601860214, 0.956127533891777, 0.9481289772876608, 0.9364765889021749, 0.9468164756383436, 0.946797541902557, 0.9506291089344225, 0.9436771722456428, 0.9493632220926363, 0.9631839988079915, 0.9515418860615035, 0.949666605121979, 0.9535810941821962, 0.9580272073274863, 0.9586009561146843, 0.9400349457331006, 0.9414703666107936, 0.9492547984205766, 0.9489096892632026, 0.95248777155159, 0.9509957528845934, 0.94456146347223, 0.9439503508218643]
['0.75-weight-B=50', 0.9357492292196165, 0.9122344289864027, 0.9246902906778899, 0.9080251579053454, 0.9405054542625998, 0.9251497773231786, 0.9325043358171115, 0.9310518449970092, 0.9301221553152016, 0.921435454375078, 0.924814406256045, 0.9379135612106589, 0.944755978843195, 0.9238705996229453, 0.9299023565222345, 0.9198765436491924, 0.9231492749543665, 0.936051014029062, 0.918081386105353, 0.9391221638803452, 0.936538341479786, 0.9228203626920027, 0.9235294435612474, 0.9277719208340143]
