['Apache\\_baseline', 0.0, 0.0, 0.0, 0.0, 0.0, 0.0, 0.0, 0.0, 0.0, 0.0, 0.0, 0.0, 0.0, 0.0, 0.0, 0.0, 0.0, 0.0, 0.0, 0.0, 0.0, 0.0, 0.0, 0.0]
['Apache\\_25', 5.314685314685315, 6.7251461988304095, 11.294765840220386, 8.241758241758241, 7.605633802816901, 7.142857142857143, 6.130790190735695, 6.051873198847262, 7.355021216407355, 11.789181692094314, 6.573426573426573, 9.985734664764623, 2.7982326951399115, 3.160919540229885, 3.7463976945244957, 9.455587392550143, 7.183908045977011, 5.0359712230215825, 8.92608089260809, 7.534246575342466, 2.8189910979228485, 10.866574965612104, 3.823529411764706, 2.898550724637681]
['Apache\\_50', 7.5177304964539005, 9.925925925925926, 10.699001426533524, 12.378303198887343, 9.985734664764623, 10.857142857142858, 8.985507246376812, 8.633093525179856, 10.59322033898305, 5.377906976744186, 12.343966712898752, 12.67605633802817, 11.232876712328768, 6.950354609929078, 8.38150289017341, 13.416320885200554, 12.414733969986358, 13.966480446927374, 14.67764060356653, 5.813953488372093, 13.736263736263735, 5.9171597633136095, 11.461318051575931, 10.989010989010989]
['Apache\\_75', 9.63172804532578, 11.11111111111111, 9.572901325478645, 4.694167852062589, 12.92134831460674, 13.528591352859136, 18.384401114206128, 14.446002805049089, 14.16184971098266, 17.385257301808068, 15.915492957746478, 10.02865329512894, 7.8838174273858925, 7.714285714285714, 10.068965517241379, 18.143459915611814, 22.22222222222222, 16.368638239339752, 10.422535211267606, 3.4482758620689653, 14.563106796116505, 18.010752688172044, 8.689248895434462, 16.524216524216524]
['Apache\\_25\\_w', 9.472259810554803, 0.0, 5.20393811533052, 3.8516405135520686, 3.8626609442060085, 3.884892086330935, 1.0130246020260492, 7.5418994413407825, 4.160887656033287, 3.0997304582210243, 7.755102040816326, 4.240766073871409, 6.420765027322404, 0.45045045045045046, 1.4619883040935673, 2.4113475177304964, 3.3426183844011144, 3.1161473087818696, 5.113636363636363, 5.485232067510548, 1.914580265095729, 1.146131805157593, 2.6706231454005933, 1.1661807580174928]
['Apache\\_50\\_w', 15.217391304347826, -2.5525525525525525, 7.306590257879656, 4.011461318051576, 7.514450867052023, 8.762169680111265, 15.122615803814714, -0.4431314623338257, 5.555555555555555, 6.25, 8.131241084165477, 7.826086956521739, 10.135135135135135, 7.865168539325842, 5.172413793103448, -0.7012622720897616, 5.401459854014599, 6.704707560627675, 9.143686502177069, 13.135593220338983, 5.1020408163265305, 14.016172506738544, 6.876790830945558, 6.647807637906648]
['Apache\\_75\\_w', 7.302533532041728, 8.93371757925072, 10.584958217270195, 11.549295774647888, 4.017857142857143, 7.648725212464589, 13.75886524822695, 11.68091168091168, 5.218617771509168, 8.60058309037901, 7.71513353115727, 11.41304347826087, 10.230547550432277, 14.6374829001368, 18.52861035422343, 7.18475073313783, 17.88617886178862, 9.269662921348315, 4.087591240875913, 16.049382716049383, 9.941520467836257, 10.402219140083218, 10.76923076923077, 9.50354609929078]
['Apache\\_25\\_w\\_iP(25)', 6.410256410256411, 10.055096418732782, 6.743185078909613, 5.718270571827057, 4.899135446685879, 9.195402298850574, 3.392330383480826, 3.63901018922853, 5.502063273727648, 7.330567081604426, 8.367626886145406, 6.276747503566334, 4.123711340206185, 5.425219941348973, 4.0221914008321775, 5.579399141630901, 6.562054208273895, 7.880434782608695, 7.496463932107496, 4.403409090909091, 6.637806637806638, 9.269662921348315, 6.346967559943582, 9.154929577464788]
['Apache\\_50\\_w\\_iP(25)', 1.914580265095729, 5.688622754491018, 15.672676837725382, 6.286549707602339, 7.823613086770981, 7.5, 9.077809798270893, 7.920792079207921, 9.143686502177069, 16.22746185852982, 18.059299191374663, 15.426251691474967, 4.49438202247191, 10.289855072463768, 8.368794326241135, 14.383561643835616, 10.955056179775282, 1.0014306151645207, 8.910891089108912, 4.341736694677871, 4.888268156424581, 8.022922636103152, 6.47887323943662, 8.426966292134832]
['Apache\\_75\\_w\\_iP(25)', 7.132459970887918, 11.0803324099723, 17.877094972067038, 12.051649928263988, 15.625, 12.552891396332862, 11.452513966480447, 8.702064896755163, 14.488636363636363, 5.131964809384164, 1.608187134502924, 13.900709219858156, 8.211143695014663, 3.6931818181818183, 8.959537572254336, 14.40677966101695, 19.66987620357634, 5.848787446504993, 13.191489361702128, 9.523809523809524, 11.216216216216216, 10.984308131241084, 11.015736766809729, 20.385674931129476]
