['Apache\\_baseline', 0.0, 0.0, 0.0, 0.0, 0.0, 0.0, 0.0, 0.0, 0.0, 0.0, 0.0, 0.0, 0.0, 0.0, 0.0, 0.0, 0.0, 0.0, 0.0, 0.0, 0.0, 0.0, 0.0, 0.0]
['Apache\\_25', 5.2781740370898715, 7.526881720430108, 10.372340425531915, 0.9803921568627451, 4.081632653061225, 6.482758620689655, 12.175102599179207, 8.333333333333334, 8.309859154929578, 10.259917920656635, 8.743169398907105, 10.661268556005398, 2.6470588235294117, 6.950354609929078, 3.3707865168539324, 2.1216407355021216, 6.2409288824383164, 5.09915014164306, 4.075691411935954, 0.28653295128939826, 6.983240223463687, 3.586800573888092, 2.5714285714285716, 12.73209549071618]
['Apache\\_50', 10.616929698708752, 7.834757834757835, 12.071330589849108, 8.504398826979472, 9.06515580736544, 6.295754026354319, 12.184873949579831, 6.395348837209302, 6.647807637906648, 10.128388017118402, 7.123655913978495, 10.320781032078104, 14.322916666666666, 9.931972789115646, 20.8994708994709, 13.617606602475929, 7.407407407407407, 5.813953488372093, 16.62049861495845, 4.39882697947214, 13.83989145183175, 7.83744557329463, 11.348464619492656, 10.48951048951049]
['Apache\\_75', 15.426997245179063, 9.929078014184396, 9.852941176470589, 12.834978843441467, 13.16931982633864, 16.184971098265898, 17.348377997179124, 7.6700434153400865, 9.489051094890511, 8.13953488372093, 7.244318181818182, 13.692946058091286, 11.202185792349727, 14.3646408839779, 16.434540389972145, 12.802275960170697, 6.821480406386066, 13.636363636363637, 15.275813295615276, 7.22543352601156, 12.265512265512266, 20.73011734028683, 10.699001426533524, 15.23545706371191]
['Apache\\_25\\_w', 4.4692737430167595, 7.191316146540027, 3.641456582633053, 0.8658008658008658, 1.9283746556473829, 7.356948228882834, 3.429355281207133, 4.715672676837725, 6.612685560053981, 2.0086083213773316, 4.069767441860465, 9.228650137741047, 9.517241379310345, 2.9619181946403383, 3.438395415472779, 5.379310344827586, 1.7391304347826086, 0.41841004184100417, 3.380281690140845, 8.183079056865465, 5.217391304347826, 0.0, 2.4045261669024045, 0.0]
['Apache\\_50\\_w', 7.443820224719101, 8.898305084745763, 7.194244604316546, 13.456090651558073, 6.373937677053824, 12.141882673942701, 11.32596685082873, 3.314121037463977, 4.24597364568082, 5.718270571827057, 11.220196353436185, 5.233380480905233, 2.300405953991881, 11.11111111111111, 4.201680672268908, 9.1164095371669, 2.627737226277372, 14.44141689373297, 10.933333333333334, 4.624277456647399, 9.801136363636363, 5.084745762711864, 7.488986784140969, 7.887323943661972]
['Apache\\_75\\_w', 8.123249299719888, 17.222963951935913, 9.37950937950938, 9.562841530054644, 17.54874651810585, 10.89655172413793, 13.72549019607843, 13.91891891891892, 9.465020576131687, -6.821480406386066, 10.893854748603353, 9.375, 9.339080459770114, 17.42627345844504, 9.806629834254144, 11.297071129707113, 11.710526315789474, 11.789181692094314, 5.967976710334789, 6.543385490753912, 14.245810055865922, 3.025936599423631, 13.15028901734104, 8.127721335268506]
['Apache\\_25\\_w\\_iP(25)', 8.205841446453407, 7.220708446866485, 4.137931034482759, 6.116642958748222, 8.233731739707835, 7.010014306151645, 6.929347826086956, 3.3707865168539324, 10.198675496688741, 6.285714285714286, 6.9464544138929085, 8.724832214765101, 5.967976710334789, 6.9209039548022595, 11.405835543766578, 5.578800557880056, 2.318840579710145, 7.386363636363637, 5.830903790087463, 9.295774647887324, 6.464924346629986, 8.160442600276625, 5.354558610709117, 9.536784741144414]
['Apache\\_50\\_w\\_iP(25)', 8.774373259052926, 11.707988980716253, 9.781021897810218, 12.747875354107649, 10.159651669085632, 7.868383404864091, 9.699453551912569, 8.274894810659186, 10.72463768115942, 12.98342541436464, 9.366391184573002, 6.841339155749636, 15.193370165745856, 7.2, 8.659217877094973, 16.0857908847185, 11.277173913043478, 13.573407202216066, 11.095100864553315, 12.678062678062679, 10.714285714285714, 11.142857142857142, 9.67741935483871, 8.47953216374269]
['Apache\\_75\\_w\\_iP(25)', 9.571428571428571, 13.165266106442576, 9.221902017291066, 12.79887482419128, 13.399153737658674, 12.570621468926554, 12.517985611510792, 14.754098360655737, 14.917127071823204, 13.513513513513514, 13.728323699421965, 14.583333333333334, 17.891816920943135, 11.659807956104252, 15.0, 11.918604651162791, 16.14730878186969, 12.820512820512821, 14.104372355430183, 13.603473227206946, 7.3509015256588075, 15.10204081632653, 8.751793400286944, 19.502074688796682]
