['BDBJ\\_baseline', 0.0, 0.0, 0.0, 0.0, 0.0, 0.0, 0.0, 0.0, 0.0, 0.0, 0.0, 0.0, 0.0, 0.0, 0.0, 0.0, 0.0, 0.0, 0.0, 0.0, 0.0, 0.0, 0.0, 0.0]
['BDBJ\\_25', 3.1031818910606868, 2.7886571333151005, 28.33039000829804, 2.5592841163311015, 0.5589680589680533, 0.946212851959017, 0.194251976934473, 3.177699093800652, 0.49449888775328343, -2.998688446405134, 1.910122451423602, 1.1024359303501985, 1.9727303575284518, 2.33199035451645, 0.3597880411874456, 0.526447731260965, 2.5929675576844535, 0.881658437854594, 0.4441663105195733, 0.9533397397763846, 0.8231395366594974, 1.7982299833689632, 0.872885979268958, 3.6624631070566247]
['BDBJ\\_50', 4.278082823683467, 4.274458900594665, 0.5537986654359948, 3.3873320537428078, 3.1504723448494123, 0.013451306271292466, 1.9672230837058065, 5.513110173018618, 2.6741493782296106, -1.089422158548233, 3.2340046072675985, 1.7294727873361173, 0.9030803906837019, 1.1135891021970488, 1.852767909340294, 3.4443586131685455, 5.003559141060645, 1.0919679689395778, 0.8317136012294732, -22.52511388856443, 2.7177700348432, 2.5377463741167774, 2.9200596053403842, 1.5389051615546832]
['BDBJ\\_75', 3.949478142489795, 4.202292159359648, 4.2383524747681, 2.0921328511957187, 1.8030342622623403, 4.543419206543474, 4.668207529955599, 4.828225145044205, 0.5142702475113503, 4.052026013006519, 3.937462929448094, 4.0125731301980885, 3.240634336934038, 5.223790200472413, 3.204983183264696, 2.0173696894372197, 5.068873852102457, 5.4546853362055705, 3.9068891530185303, 5.708393798212783, 0.361922656358288, 3.7438180781733728, 5.604269919939001, 2.1356590341767]
['BDBJ\\_25\\_w', 0.25162250487134474, -0.3476280834914556, 1.8287778300526627, 0.03236445458188768, 1.3364331783410883, 0.6042948095392224, 1.1573658711645514, 2.0023736343994316, 0.40030972869520276, -0.6479514882876284, -0.03037436403675298, -0.2838337501342457, 0.9827341175047625, 0.5790035044948957, -0.4359249970142232, -0.09656094481170616, -0.8652256083156074, 0.7942205869155577, 1.7412711279233843, 0.08135947070291792, 2.860107366806525, 1.2745921305182477, -0.7190273966302382, -0.23436311063764476]
['BDBJ\\_50\\_w', 0.0559995156798754, 2.3793306997230004, 2.7801306873184926, 1.9819658959021622, 1.2389407906947885, 0.634255980787583, 1.8173014359858892, -0.2590249348715986, 1.2166921088826081, 2.803863897639548, 1.489501613371865, 2.025234948717561, 1.2596657520578585, 2.0558737084507577, 1.1283886060272492, 1.464117850224498, 1.112795633717399, 1.1212204760591968, 1.1270602383632102, 3.0113508231226067, 1.1384369486874049, 4.616240266963287, 2.945335298895878, 31.014143464197385]
['BDBJ\\_75\\_w', 1.8110368147685505, 2.454899078072838, 2.563947145108495, 4.714849955547782, 3.898107670665111, 2.6000466236692854, 4.886100041634454, -10.148724783425205, 1.557001978343935, 2.3877617898531187, 0.6596265213217221, 5.424447839565686, 2.5755879059350613, 2.388322408351536, 1.8353751567244219, -0.8848889358681946, 3.833263510682876, 4.1979837747554285, 0.3575649676097088, 1.9579722834455455, 2.324051087249133, 2.731502095840557, 5.1362135182390105, 1.3041024269970023]
['BDBJ\\_25\\_w\\_iP(25)', 2.342814371257485, 0.9184200139660564, 0.1793363074506138, 1.404704264921247, 1.0553683789480217, 1.1248174964989124, 0.8213048941190947, 0.5370713901023224, 1.7284285778923947, 2.124168247373022, 3.02498838272549, 3.0668655668655775, 2.014406055426688, 2.9706057007125946, 0.7335819191842436, 30.11267902274642, 2.7830011282437006, 0.0, 0.7614174314034733, 0.19712713936429763, -0.26255482539344177, 2.496127203109945, 3.277932358236509, 0.4410209938075792]
['BDBJ\\_50\\_w\\_iP(25)', 7.295474737470683, 2.3352508121963553, 1.6878548506541677, 3.5527502254283085, 0.7948442534908728, 2.0847886493115273, -0.03739191399859214, -1.0463290433353551, 2.509171611033119, 1.7081861418238093, 0.14541638557828976, -0.31557592606506873, 2.630028551142793, 1.795815749304135, 3.4781052380384043, 2.669472418457844, 0.03442907610321646, 1.8805714983514443, 3.5496788817529223, -0.2810714505129966, 1.5005588816242785, 2.6975834784468327, 3.362910246033077, 2.073382214244414]
['BDBJ\\_75\\_w\\_iP(25)', 4.084683930386922, 1.5913913307062746, 2.611052552326451, 8.533388931911597, 2.022177729862932, 1.7833114221637953, 4.764045617347775, 6.50848868670651, 3.1161560231327727, 5.38694541782977, 3.7763297469313506, 4.280614759607477, 4.458288273193911, 3.899971133832678, 4.696107918168019, 3.562902299718973, 1.978897934592858, 6.350194091326642, 4.012913737440787, 3.0749944694344076, 3.6530161069586353, 1.9701346538890616, 4.282017332691374, 6.031867020418932]
