['LLVM\\_baseline', 0.0, 0.0, 0.0, 0.0, 0.0, 0.0, 0.0, 0.0, 0.0, 0.0, 0.0, 0.0, 0.0, 0.0, 0.0, 0.0, 0.0, 0.0, 0.0, 0.0, 0.0, 0.0, 0.0, 0.0]
['LLVM\\_25', 2.9905757857187005, 2.0348015263562638, 2.803144276412979, 2.932236410667664, 3.0827033132833206, 3.5257345698257048, 3.621485821393087, 4.200703180237906, 2.906553312341316, 4.623414654954349, 4.367768404271113, 2.3895652560383747, 2.619732825691998, 3.1684704011892237, 3.5436270759594004, 3.3330271133537694, 3.9364775959827694, 2.4885610366279147, 3.3082302404644994, 4.132244730098062, 2.287968397323657, 3.6463117437320203, 4.000192037572966, 2.4885170229090186]
['LLVM\\_50', 5.975463715735006, 4.977159983207886, 4.261863396816279, 8.698868456193086, 4.166344047573863, 4.8483948013539315, 4.406609759918112, 4.890124224626125, 4.881074603936883, 3.5725484037659423, 6.677761359078593, 5.054325896508947, 5.0194159217234535, 5.090748369780447, 6.326019002833782, 3.871949201340826, 5.507877803911781, 7.382970264360526, 7.316516070612972, 5.386373111366778, 5.275287448931998, 4.593129023684064, 2.600544582803303, 5.571604206354633]
['LLVM\\_75', 8.726721576662996, 4.685741553022021, 9.431798296834735, 9.730875999768676, 10.313890549103203, 10.132057334162448, 9.558854808941048, 8.775858051079359, 10.22238750662659, 8.13737992052428, 6.498739704274263, 7.554574280286195, 5.6014746418239, 8.986883855503702, 10.015317325350079, 6.354978561855138, 9.135635888611377, 8.85096917825044, 7.016367807222489, 8.799366721409601, 9.548330084516362, 9.157909326600617, 9.570449839022475, 9.155719195364036]
['LLVM\\_25\\_w', 1.2832085919033906, 1.826025932856249, 3.806077396318559, 3.294723548363201, 3.762566124984654, 1.8486658709203516, 3.438451113170422, 1.582002895330903, 1.9855298140825466, 4.266119446879634, 3.08790382035888, 2.7560923610572137, 2.938358069822697, 2.1687442088675506, 2.96025028026028, 3.042873849922189, 4.0312382945777, 2.8796172537721887, 2.0431957940388736, 1.1103301849915952, 1.7549195282400796, 2.9327479088926305, 2.644754390453429, 3.6238371525767037]
['LLVM\\_50\\_w', 6.872408640604123, 5.229852187438841, 5.278732054284322, 4.853481708851657, 4.834705000600465, 4.850347488581226, 6.423761127349327, 6.781496193866124, 4.265164726293893, 5.552064759956851, 4.6766814010504465, 5.104507045890396, 5.18610814271373, 4.242195153492183, 5.687933978915227, 3.2279694109313284, 3.73572577353784, 4.699877060850439, 5.059006471813307, 3.125621306308678, 6.645402106590333, 2.6277927358823456, 4.580859797123416, 8.937950978925729]
['LLVM\\_75\\_w', 8.305484237587496, 7.520761201076344, 9.29210882441617, 4.349052964001622, 7.76645955440066, 9.015231398489888, 8.86867305919094, 3.645225341447918, 5.475600853961081, 5.834967502083485, 4.72344178188201, 8.198340016913443, 6.587167517600277, 4.253658457208041, 8.983178067425648, 9.88484609254084, 7.9894096834431085, 8.225766006748026, 8.88548846561785, 8.200576899552999, 6.196842021905507, 8.17891334824568, 2.7492366891485367, 7.5289667862262375]
['LLVM\\_25\\_w\\_iP(25)', 3.0271259955400915, 2.684062474500386, 3.3355979221936685, 2.6883624349108652, 3.62782404685983, 0.990174346329324, 1.2508605081651427, 2.4599683344484164, 4.37150564420836, 2.4376036620372274, 2.6914764134870826, 2.894531019879439, 2.8944232750727985, 2.3523420375077557, 3.3218254465891253, 2.960262418173339, 3.8849605091834136, 3.7661111571038495, 3.5467201559271473, 1.8183013911344634, 2.882198367113631, 3.61200254073759, 3.8763509561710596, 2.771032866103087]
['LLVM\\_50\\_w\\_iP(25)', 4.571726331657188, 7.279049750717912, 5.1942706930344835, 4.36847734181026, 8.075178232984149, 7.543447666226537, 7.259355459885734, 7.407867635765447, 5.922879967315475, 4.101276316293124, 5.120202921613783, 7.916321366459375, 6.096493059539879, 5.505741826131563, 4.838946580054228, 5.648990709048949, 6.541561965005874, 5.371548862889361, 2.6377934400536462, 4.79920976824822, 3.3224659299426196, 8.551775595428527, 6.577840883558465, 4.025235428763272]
['LLVM\\_75\\_w\\_iP(25)', 7.6402294146707135, 9.44196481131454, 9.567100271718678, 9.55355770458674, 9.647961142054985, 8.368853918204833, 7.7029311513478245, 6.765486267200195, 9.90078550107855, 8.51954274375649, 8.49375072437241, 7.8178971989102255, 9.254482897176963, 9.137470519628312, 8.619864290398759, 6.967119260570357, 4.7521328539379954, 9.290247893940263, 9.828202167497862, 9.15875289035427, 9.269295114567353, 8.896386944595948, 9.742502128970155, 9.059861671530076]
