['X264\\_baseline', 0.0, 0.0, 0.0, 0.0, 0.0, 0.0, 0.0, 0.0, 0.0, 0.0, 0.0, 0.0, 0.0, 0.0, 0.0, 0.0, 0.0, 0.0, 0.0, 0.0, 0.0, 0.0, 0.0, 0.0]
['X264\\_25', 6.053364865421601, 2.510777359876072, 2.888620364533643, 4.6384212987526965, 4.2144466305437875, 5.220641784415835, 4.031781016190234, 4.612483290141946, 5.543766919295799, 5.5383886434092195, 5.397014610379628, 5.8725765653814666, 6.73318434477886, 6.735755893341415, 5.279437344108919, 4.231709781163071, 5.280486844361074, 3.092298461543586, 5.489040854545286, 6.585028627128842, 5.313009327456205, -0.007848324181860388, 4.158448397876743, 5.51437299022935]
['X264\\_50', 7.825941081013874, 7.327032894773257, 7.846194730444904, 4.668724538860572, 9.582685014980012, 6.58160909535456, 5.5171288952265725, 8.971920311853907, 11.898341637019684, 11.397196731263845, 6.759235056112466, 11.800884517720062, 7.860277441797955, 7.028854470811355, 7.9153511982413045, 5.370125277763058, 6.661192706709236, 10.844600779796876, 5.431102523019363, 9.350345272633797, 5.514462990303953, 3.0468832119764344, 3.8872310506774927, 5.348545786511618]
['X264\\_75', 14.807092417150612, 13.763278576668476, 11.870317380049684, 13.882516297853805, 13.407576787784286, 9.444224382297374, 13.056301671502307, 12.077512157535594, 12.039545153280791, 10.098250598114184, 11.078916644797612, 14.694253175809823, 14.348902871312298, 7.405122485628297, 12.05058450159916, 9.082124169263905, 12.451660052618672, 12.667715353639913, 14.414584009202176, 11.249813308217838, 14.605067375813599, 7.791388719268754, 13.041157596156092, 12.839438910262109]
['X264\\_25\\_w', 4.0716198948940585, 3.990973644771054, 5.4368327402778895, 4.080301995067017, 5.47474126580961, 5.609282159676748, 4.060191084362245, 3.896922244918684, 6.745807277368809, 4.027818622408576, 1.3657182811186424, 5.284651958070984, 1.5886661007391696, 1.5571544163766797, 5.1139763698247656, 1.747138351633593, 2.4035141873036854, 1.3862809042436373, 6.6436113649604955, 1.605199236230998, 3.0310490213083665, 4.142797137977635, 6.59263835387001, 1.4972049734475263]
['X264\\_50\\_w', 5.375872435043936, 7.52698540037264, 6.740122961208811, 7.754207058109588, 7.483079508536006, 6.56545338582911, 6.754297055543095, 7.988194792378601, 2.189077554790988, 6.138240102992864, 7.37495430665694, 5.302101483495476, 8.23343209176688, 2.587129886112942, 11.224922149433707, 9.434951936666499, 9.31846913071133, 3.0457337330945538, 5.2282239742355525, 3.8673822327458733, 4.52716582518322, 3.943368499187436, 5.55452694304049, 6.549988429353313]
['X264\\_75\\_w', 8.49606493793856, 9.541548048786687, 7.5468376474508645, 8.731159378304003, 8.423993184414075, 6.601809466567281, 6.2372841512316946, 8.47963938740364, 11.65944946702908, 10.419518187545746, 10.179627426724053, 6.751695177533718, 10.177865692805291, 10.59942951243171, 10.637453434267435, 10.94352370081799, 8.81341441425937, 13.971855506868154, 13.270026318008652, 6.631490953425778, 9.00949860148175, 11.18178065530662, 6.473482798418657, 14.887695072823016]
['X264\\_25\\_w\\_iP(25)', 2.8856895707128793, 5.50160077705471, 4.902410237932502, 4.3513895434152605, 5.53200564628548, 5.293128222642566, 5.690578590464751, 2.409627148177467, 5.558270654950269, 5.384083755488248, 2.6979813697598707, 5.527806797487093, 4.018868009948107, 8.092979444407186, 2.7376390967253283, 2.4230974330556987, 5.372110615051907, 5.509019667653598, 1.6059258265496565, 4.80718886569125, 1.7647070956300888, 3.085914315534976, 5.341894242408674, 5.483539312482391]
['X264\\_50\\_w\\_iP(25)', 10.723715474983631, 8.670297663300692, 10.877627308398775, 7.862798679097058, 8.075973945578259, 10.776391788198612, 4.340757834522137, 9.109101292546802, 10.22948050577867, 8.064599990124137, 6.661816197511879, 7.15888173677783, 7.2982585137832166, 8.77860912141878, 8.385826698445806, 8.859815253129165, 9.964322209898683, 0.031827526333357246, 4.356693022770708, 8.618872894406369, 9.740651317150652, 8.138626567853496, 8.174398834481398, 9.630803403133925]
['X264\\_75\\_w\\_iP(25)', 9.431749207144643, 14.430745251240445, 12.679041485119978, 10.741251258384207, 10.451286540002954, 7.435755946808906, 7.8822086659420165, 13.36162035763437, 11.911656136178921, 10.655096822916377, 12.006454401622396, 13.588370509391046, 11.17575749963194, 9.557069366825667, 8.018502635013299, 12.87652729327286, 13.326823335314236, 10.738659840581827, 13.177343673978022, 11.655793549495906, 12.295614555794794, 8.093233870899295, 15.12632136421371, 9.830668951672228]
