['Apache\\_baseline', 0.0, 0.0, 0.0, 0.0, 0.0, 0.0, 0.0, 0.0, 0.0, 0.0, 0.0, 0.0, 0.0, 0.0, 0.0, 0.0, 0.0, 0.0, 0.0, 0.0, 0.0, 0.0, 0.0, 0.0, 0.0]
['Apache\\_25', 2.957475003011685, 1.1312642266141508, 13.379733167524108, 0.9291792721547059, -2.3657179389190293, 4.069284612646815, 4.499193276600981, 10.53628077612593, 3.952078494089976, 3.0899513178308085, 12.792920740700279, 6.13783345701318, 1.2234366000877797, 1.5487746275828929, 4.076299438199516, 3.8480067445501627, 12.57900839160712, 4.579372055310573, 0.8505423972660652, 1.1264264829237638, 7.421022400919012, -1.0088965502129181, 7.795160434185101, 4.126147493415869, 3.52177862639063]
['Apache\\_50', 14.967562557924003, 4.260084063844391, 17.86405533570025, 5.963038606340484, 3.78703632321389, 16.130991826816878, 10.800153088169425, 4.589180252477524, 7.829285575660216, 8.298264290492119, 9.690489589195273, 7.241294833026791, 7.535439961612635, 6.091299551170904, -1.751137356262584, 0.9982486865148862, 6.903915986997434, 3.0274512881796105, -7.622027086486861, 5.182875738081566, 15.1470931590007, 13.481478307980543, 12.574605116433967, 3.0785097518028293, -0.08251663036672778]
['Apache\\_75', 15.001659475605708, 20.844549531284713, 6.075718529077573, -4.636091527227336, -0.9043947238833091, 19.07352267521759, 16.366254817453015, 13.054322225911157, 7.319109372599266, 1.8221180843103126, 28.924189196069445, 13.288691501413062, 23.14888087598745, -4.4974510837068, 5.738095505291792, 28.148675446178878, 23.59434476285862, 27.12070042734776, -9.821613971407311, 4.735365055415348, 15.079982226171962, 18.537165857438307, 11.773043600540944, 0.027914679648634623, -5.374722045572606]
['Apache\\_25\\_w', -0.022331397945511387, 5.194932868939947, 4.904969440647807, 3.9627433227265536, 5.409957984636801, 7.174583268014841, 7.5419534630141, 7.737964914201269, -1.833597975331485, 1.9819542358630813, 1.9648636153490522, 1.8844103575877937, 7.039514226777224, 4.886255604877647, 3.7521200363603446, -0.4600098135426889, 3.274542970077663, 7.102335128644922, 4.5623186502448005, -2.9165278031613995, 5.762042080529745, 2.639334771854113, 8.124037675922963, 1.9189048142461054, 6.5017047240717245]
['Apache\\_50\\_w', 24.89609310058188, 8.168359144918343, 3.8376415128264454, 1.7886446943160228, 0.5437399251532169, 12.070356624172987, 14.102207075194384, 8.92248364503194, 6.487029463896586, 3.426864039454453, 17.66985990364915, 8.980204320899901, 6.978964331686525, 5.382092069878537, 4.028386041965038, 5.23176010980889, 3.28386097198232, 2.699661650108219, 15.920677924100564, 3.443549480959199, 12.131486696166887, -0.5956926506756725, 2.7969066706679766, 8.21796956635012, -2.5898168419342116]
['Apache\\_75\\_w', 22.418990203466464, 7.241977241897201, 6.541313232461478, 7.240005225712975, 3.6797243641120545, 22.534239303535408, 21.51859414996117, 19.244406937276953, -2.356187922981827, 9.513163474292327, 18.39742503811621, 16.04814788687447, 6.339063681810719, 9.922799367578088, 6.373136044953198, 14.092222489766433, 22.210331469462954, 10.692029727559579, -6.935816972199527, -1.1743480055971256, 5.2540034786781025, 11.840975755308316, 13.335951149747208, 8.139566397024025, -1.6989267520864937]
['Apache\\_25\\_w\\_iP(25)', 8.443590447433435, 3.18100258765782, 4.606119887078794, 2.0208266998553075, 4.869891340438503, 8.549044518553808, 2.802053932737098, 8.417861103041362, 7.660535884491814, -2.380118391128813, 9.95574012349052, 5.85841979730186, 13.625108645119562, 5.257787886308866, 2.5671388307179375, 6.8463914630721705, 10.342011111745885, 10.274648167528412, 1.5315996750596723, 2.1794531379363336, 12.552630101611182, 11.314460297617712, 5.374366734370122, 7.488676670191152, 8.20319109807858]
['Apache\\_50\\_w\\_iP(25)', 18.202614379084967, 10.425705811637455, 11.396783239815964, 3.4099539948929785, 0.0342858324251798, 16.213728886964052, 9.58289775372695, 5.3286879466951325, 7.30400471292851, 0.9613907403403066, 15.193621867881548, 6.569060444765837, 21.37913944687773, 12.180310270884167, -0.7668708712929336, 15.872770388699866, 15.681060963408585, 11.568762548622331, 4.539448200298001, -0.5921993149591429, 18.93535249239947, 12.010746549500151, 9.096161466168406, 6.3664545220228455, 1.7452456622577595]
['Apache\\_75\\_w\\_iP(25)', 22.589095672106097, 14.065752061917488, 16.943891886880117, 3.2170895228306797, -4.994769987460163, 22.654819601507807, 19.885157892882372, 14.850926086096102, -2.6900042179287387, 2.881498096167918, 22.087155963302752, 18.829988993311325, 6.635782938064486, 9.6251608696238, 2.9365846059318255, 10.196573687678454, 9.642343851768755, 11.754475933000109, -6.460113844633557, -1.8479074778917723, 19.411344137273595, 21.762052209089255, 15.374697365037056, -0.7811890271097599, 3.9734181304098044]
