['SQL\\_baseline', 0.0, 0.0, 0.0, 0.0, 0.0, 0.0, 0.0, 0.0, 0.0, 0.0, 0.0, 0.0, 0.0, 0.0, 0.0, 0.0, 0.0, 0.0, 0.0, 0.0, 0.0, 0.0, 0.0, 0.0, 0.0]
['SQL\\_25', 0.20004073545218368, 0.5273723245851036, -0.48684652220613106, 0.16764939214192803, -0.08979452801734883, 0.3133959225121154, -0.5575740262601679, 0.13052785671680336, -0.07801098657222862, -0.12078140394055954, 0.21051253855132515, 0.25612516428005005, -0.29443995835880343, -0.012257686105181622, 0.17115426178510793, 0.4151209920974405, 0.18022911498542624, -0.056429159152083866, 0.15851889851855738, 0.21142879136870354, 0.17558667252386653, 0.050546154619359435, 0.3585793319985426, -0.027483386850996737, 0.19860171144980157]
['SQL\\_50', 1.2450669371591785, 0.6645577169498108, -0.18294548810110275, -0.5213079772677172, 0.15188150150232002, 0.6665793012266761, 0.7129452174611521, 0.1686025538025637, -0.13093675714706451, 0.14154043438331393, 0.7175989736414472, 0.6974745879514573, 0.4696650833372819, -0.3020049589714252, 0.5644267491215526, 0.9782281201188058, 0.570297404917985, 0.19076830778139678, 0.0021996745964023637, 0.13491183944918042, 0.8904777973171316, 0.6983961975040481, 0.6734412922584323, -0.10070766751661678, 0.1027989961873633]
['SQL\\_75', 2.5813134319493893, 1.5834571970122793, 1.3004413338002345, 1.9939223747696027, 0.41545626648226897, 1.751980111405991, 1.2265949853857534, 0.0728314867447373, 0.4810039801340115, 0.3161625419338068, 2.462472703054099, 1.2132958039713129, 0.9898742452661433, -0.743707895063657, -0.28132501597549014, 2.55921530239184, 1.2710983578899446, 0.6318305052271298, 0.6557479656839619, -0.6703521394753649, 1.8234816001126124, 1.580069714887065, 0.37816411162537555, 0.39855484185268913, 0.48390175927835755]
['SQL\\_25\\_w', 0.10929954434965644, 0.2429837249308366, 0.33769699110658213, 0.1289928772451783, 0.2985666771120412, 0.46682972026499675, 0.04838578459501577, -0.23925350328748698, -0.12428206449022643, 0.013942530823845674, 0.09674722185141871, 0.23470055591645367, 0.1808604174321163, 0.3095976306471191, -0.017511853606106298, 0.14101572500332527, -0.40829889736700986, 0.0007662745792443901, -0.18948979362789128, -0.00780106562807966, 0.3477588570219543, 0.21662280657483457, 0.11591288179056855, -0.05742869761403321, 0.13574409630270365]
['SQL\\_50\\_w', 1.00655692924788, 0.4132135592824321, 0.7170516757221335, 0.20360556406625105, 0.15162627270258622, 0.7261080425360238, 0.534110281807396, -0.1624889489603085, 0.18007213973731032, 0.055973752952353246, 0.7341383181049405, 0.3476696149531903, 0.34757957913445753, -0.2744195908559756, 0.08344969475614407, 0.8845742670348474, -0.2308041073563968, 0.3616785352624195, 0.5202594945091907, 0.25404851593341926, 0.9088552090209435, 0.8356686446610325, -0.25865806264330155, 0.2600206799254699, -0.08516458247321515]
['SQL\\_75\\_w', 1.7110371797608626, 1.4009308537781495, 1.7225315407022024, -0.027616529680776904, 0.040927512208457466, 1.8785953335374403, -0.38331614787922913, -0.27682457579923575, 0.8577993871481213, 0.22067002938382366, 2.176294514408145, 0.2254686659004959, 1.1096531942799288, 1.3957506562774773, 0.08800345230446696, 2.009677481648187, 0.032693697460581234, 0.33784390299691297, -0.6067871316005862, 0.5689155438354503, 2.308266601859949, 0.8641551126206781, 0.3266768158784364, 0.29954386086444806, 0.09700405266531482]
['SQL\\_25\\_w\\_iP(25)', 0.4409784404658154, 0.07283631401920655, -0.11741683118766776, 0.21184055074012728, 0.23661736920033866, 0.39909812320894295, -0.05382671806015709, -0.29620565994019643, 0.05288591248379225, 0.12435209535102285, 0.34254731443137093, 0.02595695864308125, 0.3916426894596354, -0.19663715119311043, -0.08641493393681302, 0.020656197217952484, 0.061219805956462654, 0.19454299946084477, -0.025652373021804474, 0.073962370094035, 0.3750429655759942, 0.0737743774274645, 0.011890131435272951, 0.20028746112010273, -0.009811971798629337]
['SQL\\_50\\_w\\_iP(25)', 0.6800666964651044, 0.6844440789075674, 0.31253668261325185, 1.0870713813784496, 0.1628747752987576, 0.738029610890567, 0.3284000298312516, 0.32390000185021756, 0.20307465724221302, 0.17807861199599676, 0.7908706714438711, 0.35500506585639996, 0.17305567526591337, -0.027881560965024064, -0.06008627293111918, 1.1581458871022896, 0.32715587855190065, 0.015050100222948167, 0.38160218397563206, -0.06276518211952371, 0.8035799942538043, 0.8266701588648968, 0.19169811610585014, 0.4077912886892609, 0.12042547885420393]
['SQL\\_75\\_w\\_iP(25)', 2.320544332447115, 1.3211321122139688, 1.0047866124928657, -1.0503741501165444, 0.3795829448185099, 2.0791098334480154, -0.2768224517959695, 1.0132839037759775, 0.6533323435538959, -0.07363545648731264, 1.9629808356504834, 0.6115548786921761, 0.5218910191760051, 0.3281832180410816, 0.23402401616946855, 1.872065468038988, -0.11905277353777616, 0.5559645978114509, 1.881074263303565, 0.35799981906132716, 2.108561083554849, -0.39139231020381654, 0.1301812968998637, 1.5783656965334187, 0.31891186464848736]
