['LLVM\\_baseline', 0.0, 0.0, 0.0, 0.0, 0.0, 0.0, 0.0, 0.0, 0.0, 0.0, 0.0, 0.0, 0.0, 0.0, 0.0, 0.0, 0.0, 0.0, 0.0, 0.0, 0.0, 0.0, 0.0, 0.0, 0.0]
['LLVM\\_25', 2.5486463964215864, 2.5434505312613864, 2.205353309963245, 2.119554931265879, 1.280980696306561, 2.704841320901708, 2.9211164712821875, 2.639960829963557, 2.722199039599003, 1.202927905608472, 3.098410999602654, 2.8694036792392303, 2.171202797696917, 2.3329798967661275, 2.1185103713289237, 2.6899632345756994, 1.832249096645127, 2.4467493932331355, 1.973722430132926, 1.4534613855035392, 2.648957699172169, 1.7326940844146836, 2.4517167737178753, 1.6647805572267549, 1.5323519991243504]
['LLVM\\_50', 5.413558298287174, 4.105337740230446, 3.645699510713237, 2.1169956875978557, 1.4604655105127646, 4.828619083737011, 4.422695526741894, 3.803631810176694, 1.0706633514538804, 1.3220615918198522, 5.227004973206235, 3.376716793740604, 3.6250631110236875, 2.121674031930693, 0.4783340185971865, 4.855605337282881, 5.352737828442552, 3.323108331008177, 1.1372466811126352, 0.07747105172652899, 6.0197990900327625, 4.619996830824603, 3.7629436937351657, 4.287054131739358, 2.199323068650773]
['LLVM\\_75', 7.902614067208554, 7.496487174323768, 2.310015199385482, -3.5792290505002655, 0.10466989438696346, 7.8756055643989455, 6.043133419071994, 2.997272438406845, 2.6640646616082604, 1.1442673706347766, 6.995301276051467, 5.5136384890702566, 3.4522323285717498, 4.871576692520659, 2.6583030827680627, 7.577121485381201, 5.32207281765734, 2.267325897753401, 1.753366991392046, -0.7662153337436411, 6.669168167725623, 5.609291830306167, 4.528704160742868, -1.7362717939953614, -0.2700353143732223]
['LLVM\\_25\\_w', 1.0058487378094658, 2.463716152495063, 2.969546317695745, 1.5423750426874643, 1.1098529494858862, 1.9186699072246012, 2.4140938672887753, 2.2179165899350104, 2.042333064701901, 1.8879410207754344, 0.757505978848768, 2.2798826000702337, 2.703945618944463, 1.8267257300138526, 1.7969386568957724, 2.184919647677897, 2.3938404715059742, 2.0173609939602692, 1.6971125805653058, 1.1585612347315062, 2.0189010280468365, 2.389889091782652, 2.060023872338368, 0.6021503106562988, 0.7672989061579001]
['LLVM\\_50\\_w', 2.9235704403427736, 2.349629629126328, 3.851296546825267, 1.8872255631055237, 1.585840946477761, 3.376445289059257, 3.621461177423832, 2.3691302030760513, 1.6294463261755956, 0.1721577756715634, 2.550396793925521, 2.7402926951833697, 2.407672088117146, 3.207217172752709, 0.9889473854980081, 3.2945980991509103, 3.6184129652670753, 3.4691685629629974, 2.352033035244212, 0.3626847153693637, 2.552679466752768, 3.468227141887725, 3.453713664780872, 2.561648140165238, 1.4576861865852406]
['LLVM\\_75\\_w', 5.848696162543501, 6.627859857031293, 3.800462056192433, 0.9990718738961493, -0.7352242649974052, 7.145615355671169, 5.530382880454413, 3.236919062586919, 0.7566666268181854, 1.0409082337654123, 4.295115007868002, 6.0778143210343165, 4.839483174861789, 0.5823242969355962, 0.35736657554924356, 8.416064302150545, 6.142521144546248, 4.016315750218442, 1.0152468488722115, 0.7069045505336146, 7.4397211231021, 4.480008044909564, 2.3468992783998748, 1.4496662641940874, 0.7311228641663384]
['LLVM\\_25\\_w\\_iP(25)', 1.565214905308541, 1.8410532042306151, 2.577796173227147, 1.1295719471397556, 1.2802062571305224, 1.8727132822643597, 1.7441738396763582, 1.0871727746340496, 1.4160044634421336, 1.4367045895039654, 1.926336834459433, 1.900030283076731, 2.870669348705409, 1.3329567090024377, 1.4847532791459794, 2.4943270681012137, 1.666822475925483, 1.8089962869651253, 1.29271889130634, 1.138625417735498, 2.8194229509452846, 2.933300974018981, 2.7325997474891572, 2.2772332496381638, 2.132585363918345]
['LLVM\\_50\\_w\\_iP(25)', 3.9902110326855578, 4.3773782785814115, 2.939483151160546, 2.4795024675475426, 1.4875637633523868, 5.306862201018014, 4.025393905620158, 3.438567890904638, 2.9756913567388135, 0.7293592700844573, 6.319702234820022, 3.230304609834864, 2.9770206703082054, 0.7256804990103403, 0.015704867514323, 3.505472389546436, 4.50573939249406, 2.4620275481834217, 1.846148499590196, 0.42604644211013765, 5.875253604372271, 5.1528118069218944, 3.511711917186619, 1.4311926828453894, 1.4061964418000614]
['LLVM\\_75\\_w\\_iP(25)', 8.682851021512908, 4.915831754141107, 4.7845888387010405, 2.277385813134097, 2.7798330686159622, 5.9331081909598575, 2.5164631180072625, 4.999127526115266, 1.9087253615542468, 1.6390228324453968, 6.905300947098075, 6.805618279402829, 5.562552752529046, -1.068269348826687, 0.08859175602793463, 8.505401063235569, 4.595481517107146, 3.873558244722086, 1.6803952173841048, 0.09267331781967385, 7.2073240591815715, 3.6928095698501093, 3.632874865378726, -0.7849158971119314, 0.1396618265188115]
