['Baseline', 1.0, 1.0, 1.0, 1.0, 1.0, 1.0, 1.0, 1.0, 1.0, 1.0, 1.0, 1.0, 1.0, 1.0, 1.0, 1.0, 1.0, 1.0, 1.0, 1.0, 1.0, 1.0, 1.0, 1.0]
['0.25-weight', 0.9430100639252496, 0.9344866670874019, 0.9150867272139566, 0.9312968860182343, 0.932436281711485, 0.9189400002495159, 0.9065393531143423, 0.9318640846242766, 0.9216512737750826, 0.9264943614542845, 0.9186049527208849, 0.9406957378542639, 0.9328544196587436, 0.9281979385021009, 0.9239426348644743, 0.9568789297713787, 0.9245857123051802, 0.9451266198049032, 0.9140243248100862, 0.921374161120965, 0.9285616666184013, 0.9541177066784138, 0.9459778642286051, 0.9418115676590598]
['0.5-weight', 0.8128150772164807, 0.8805761079749918, 0.9187205691786756, 0.8781566401975252, 0.9039983533870067, 0.8912417198091845, 0.8708995365285438, 0.8542256239755952, 0.8614671058304375, 0.901865130124248, 0.8490754879279042, 0.8727213833064716, 0.8945848580029894, 0.8844254660805206, 0.887931513496554, 0.8748516913419311, 0.8681002054495714, 0.884006003969861, 0.876329685777077, 0.8226156475091743, 0.835438077348028, 0.9613834779960552, 0.8637847454317726, 0.8536842573393009]
['0.75-weight', 0.7099839010998374, 0.8864600167114307, 0.8510327447304141, 0.816761243372445, 0.8333316521223263, 0.7211532658858578, 0.8274281626725012, 0.7297519751750553, 0.7653699437076504, 0.8393147170037443, 0.7839716266721393, 0.7914646676204491, 0.8367124091362006, 0.7790341430698718, 0.8328687244012485, 0.8479673958060077, 0.9409249515935778, 0.826288196256486, 0.8123864191459842, 0.7290415007414796, 0.8139853513111623, 0.8120950558393188, 0.7555760920692045, 0.8686647231828138]
['0.25-weight-B=25', 0.9393954754340864, 0.899018402541942, 0.9104886127747834, 0.9090781723064014, 0.914245323956082, 0.9236041960896769, 0.9496299456468593, 0.9186057586536491, 0.9082784560850867, 0.9171150850603917, 0.9408919670055742, 0.9273991439999, 0.9281162775169838, 0.9310910782949018, 0.9396674944128607, 0.9232927382074706, 0.8961428081668158, 0.9027193633326903, 0.9082053144043537, 0.9074204717808699, 0.8869910991146711, 0.9095749854266665, 0.9096837600074732, 0.8605870730236136]
['0.5-weight-B=25', 0.7556967358875232, 0.8212756736560051, 0.8512293464052597, 0.815527251913348, 0.7989646480261332, 0.8473894210005203, 0.8262382594130547, 0.8226747273105689, 0.8331482877046411, 0.82327292374807, 0.8582384093575772, 0.8041517389156291, 0.8544797851741609, 0.8684430393980312, 0.7889117502805622, 0.8322743823514158, 0.8074353317498022, 0.824998180890145, 0.824545733623625, 0.8463222384321859, 0.8625922431601338, 0.8909485865457976, 0.8188263171217008, 0.8118521887498165]
['0.75-weight-B=25', 0.7029494953259577, 0.7386146756824316, 0.7657025664092164, 0.7531713474751609, 0.740235510465942, 0.7221850812625824, 0.6910767287338472, 0.6990231749493611, 0.7134825583296043, 0.7500805271602228, 0.724489324603131, 0.7297991468725404, 0.7325632349356634, 0.6663037967744839, 0.6463207639328562, 0.7823678824755858, 0.6896305097815695, 0.7360036652139987, 0.7244227716317393, 0.7337055473856318, 0.7002517409273572, 0.7173474861160757, 0.6589490593605493, 0.7608162036985415]
['0.25-weight-B=50', 0.911189921191495, 0.9048351563482724, 0.9216152762351041, 0.8824770029476059, 0.9186293923895219, 0.9233630208777666, 0.9275464373872749, 0.9058528707364113, 0.9259604852695021, 0.8876414800355278, 0.9036416105530594, 0.8946343746848817, 0.9057930167947524, 0.9040395568574602, 0.8829074208948116, 0.8805835876891734, 0.934356697368481, 0.9021709023736808, 0.9282279874298646, 0.901770657566225, 0.9360385591052282, 0.9171620415544254, 0.8813882782819675, 0.8954719977078844]
['0.5-weight-B=50', 0.8437094813659264, 0.7885025247999375, 0.7915438776962657, 0.8591836064908969, 0.8028341234546728, 0.8136298229517492, 0.8355996340768724, 0.8517775033622098, 0.815001556090204, 0.7996437868088477, 0.790271999770449, 0.7860188253467555, 0.8343130039650684, 0.817044051015697, 0.8054937804891497, 0.8781666277809902, 0.8631646175842237, 0.7932368789377399, 0.8173790830499776, 0.8007655024413849, 0.8235449100203032, 0.7796687591879822, 0.8173470093818261, 0.8120325103214969]
['0.75-weight-B=50', 0.7235030851031998, 0.7081294983050263, 0.7548082943393998, 0.6810667680346103, 0.7459456164059334, 0.7204356165761899, 0.7828891560149391, 0.7288116803088064, 0.7654461063077793, 0.7878828716215078, 0.7414716289235207, 0.7346666156533594, 0.8002980253063137, 0.7373412645990443, 0.7565273685209425, 0.7054934691063677, 0.7396592511546859, 0.7245345201800479, 0.7221718088589734, 0.6825499035982407, 0.7701532645703894, 0.7212679176802517, 0.7293078102520125, 0.7475998982481218]
