0.69,0.33
0.50,0.61
0.41,-0.47
0.62,-0.13
0.48,0.80
0.67,0.38
0.72,-0.07
0.30,-0.01
0.54,0.15
0.24,-0.51
0.52,-0.44
0.30,0.01
0.36,-0.23
0.28,0.08
0.30,-0.05
0.38,-0.30
0.36,-0.50
-0.18,-0.43
0.41,0.83
-0.01,0.41
0.10,-0.01
0.03,-0.06
0.26,-0.19
0.11,0.23
0.18,-0.24
0.20,-0.22
0.30,-0.19
0.56,0.14
0.38,0.56
-0.17,-0.63
0.41,0.32
0.32,0.80
0.69,0.12
0.45,0.82
-0.59,0.29
-0.10,0.86
0.24,0.25
-0.10,0.70
-0.46,0.31
-0.28,0.05
-0.20,0.83
-0.04,0.65
0.20,-0.04
-0.23,-0.16
-0.31,0.13
-0.43,0.08
-0.25,-0.14
-0.23,-0.18
-0.41,0.07
0.01,0.01
-0.89,-0.30
-0.01,0.38
-0.78,0.21
0.51,0.58
-0.23,0.34
-0.64,-0.43
0.15,0.20
-0.08,-0.31
0.12,0.20
-0.13,-0.60
0.23,-0.42
0.24,-0.24
0.16,0.03
-0.15,-0.80
0.01,0.89
-0.07,0.09
-0.15,-0.62
-0.25,0.34
-0.43,0.77
-0.37,0.51
-0.13,0.39
-0.97,0.64
-0.98,0.18
-0.01,0.45
-0.59,0.95
-0.25,-0.14
-0.86,-0.32
0.07,0.42
-0.39,0.07
-0.28,-0.64
-0.10,0.10
0.20,0.76
-0.41,1.08
0.33,0.78
0.28,0.99
-0.18,0.64
0.30,1.02
0.15,1.20
0.27,1.25
0.17,1.20
0.06,0.12
-0.54,0.26
0.36,0.75
0.03,0.12
0.12,0.37
-0.89,-0.32
-0.06,0.63
-0.01,0.18
-0.50,-0.20
-0.38,-0.37
-0.47,0.48
-0.57,0.45
-0.57,0.43
0.15,0.13
-0.58,0.26
-0.59,0.43
-0.73,-0.55
-1.10,0.13
-0.53,0.17
-0.86,-0.39
-0.51,0.32
-0.69,0.74
-0.14,0.87
-0.33,0.62
-0.71,0.51
-0.38,1.07
-0.60,0.52
0.16,1.22
0.32,1.04
0.34,0.96
-0.59,0.47
-0.26,0.03
-0.44,0.29
-0.07,0.68
0.33,0.99
0.66,0.55
-0.19,0.63
0.53,0.36
-0.54,0.26
0.38,0.77
-0.53,0.23
0.25,0.16
0.56,0.51
-0.37,-0.19
0.55,0.33
0.36,-0.32
-0.52,-1.00
0.17,-0.06
0.67,0.33
0.40,-0.49
0.53,0.54
0.53,0.51
0.63,0.57
0.03,-0.06
-0.02,0.39
0.08,0.44
-0.07,0.47
-0.04,0.39
-0.34,-0.26
-0.17,0.56
0.57,0.32
-0.17,0.62
0.75,0.06
-0.35,-0.19
-0.12,0.18
0.01,0.36
0.13,0.20
-0.17,-0.45
0.29,-0.01
-0.14,-0.89
0.46,0.23
-0.23,-0.72
-0.09,0.10
0.10,-0.16
0.04,0.29
-0.96,-0.59
0.16,-0.10
-0.36,-0.23
0.07,-0.06
-0.51,0.19
0.22,0.75
0.28,0.48
0.41,0.50
0.61,0.04
0.23,-0.07
-0.13,-0.81
-0.08,-0.90
0.73,-0.76
0.26,-0.51
-0.12,-0.90
0.20,-0.31
0.22,-0.30
0.38,-0.48
-0.02,-0.84
0.90,-0.33
0.44,-0.77
0.38,-0.32
0.80,-0.38
0.25,-0.51
0.56,0.49
0.04,-0.62
0.09,-1.32
0.21,-1.27
0.42,-0.76
0.05,-0.86
0.54,-0.71
0.11,-0.82
0.49,-0.71
0.34,-0.53
0.46,0.73
0.30,-0.69
0.15,-0.51
-0.60,-0.05
-0.71,-0.56
-0.75,0.14
0.05,-1.06
-0.69,0.42
-0.66,-1.01
-0.51,-0.02
-0.51,-0.19
-0.27,-0.02
0.04,0.81
-0.17,0.24
0.19,0.63
0.37,0.20
-0.91,0.37
0.14,0.37
-0.84,-0.40
-0.68,-0.58
-0.50,-1.01
-0.27,-0.21
-0.65,-0.82
-0.38,-0.00
-0.27,-0.71
0.59,0.25
0.05,0.12
0.76,-0.83
0.17,0.12
0.23,-0.32
0.38,-0.51
-0.00,-0.62
0.86,-0.57
0.11,-1.33
1.22,-0.18
-0.01,-0.18
0.26,-0.31
0.08,0.12
1.06,0.00
0.65,0.31
0.69,0.30
-0.04,0.05
-0.19,-0.22
-0.33,0.45
-0.35,0.43
-0.39,0.71
-0.23,-0.21
0.68,-0.38
-0.18,0.27
0.52,0.04
0.67,-0.14
0.80,-0.30
0.64,-0.12
0.62,-0.11
-0.14,0.32
0.46,0.16
0.85,-0.54
0.76,-0.32
-0.16,-0.41
0.17,0.15
0.04,0.31
0.23,0.18
-0.04,-0.64
0.14,0.34
0.74,-0.06
0.15,0.17
0.56,0.19
-0.41,0.22
0.80,-0.33
0.00,-0.64
0.36,-0.26
0.68,-0.31
-0.07,-0.57
0.83,-0.56
0.49,0.14
0.36,-0.46
0.95,-0.51
-0.15,-0.45
0.15,-0.83
0.30,0.16
-0.74,-0.34
-0.23,0.51
-0.39,0.69
-0.33,0.43
-0.02,1.08
-0.57,0.95
-0.29,-0.45
-1.12,0.82
-0.28,-0.27
0.02,0.38
-0.10,0.37
0.49,0.12
0.34,0.30
-1.02,-0.14
-0.13,0.54
-0.09,0.01
-0.11,0.19
0.03,0.21
-0.34,-0.18
0.52,-0.31
0.05,-0.06
0.51,0.73
0.20,-0.10
-0.29,0.75
-0.13,-0.66
0.02,0.11
0.38,0.62
-0.37,-0.14
0.32,-0.27
-0.03,-0.75
0.15,-0.01
-0.14,0.57
-0.41,0.74
0.32,0.31
-0.46,-0.01
0.02,0.36
-0.16,-0.59
-0.35,0.50
0.54,-0.33
-0.33,0.24
-0.31,-0.38
0.04,0.45
0.40,1.00
0.00,0.69
0.64,0.12
-0.09,0.61
-0.10,0.43
-0.10,0.70
0.11,0.21
0.13,-0.01
-0.50,-0.18
-0.07,0.64
-0.44,0.11
0.37,0.59
0.38,1.07
0.56,0.64
0.19,0.43
0.43,0.62
0.22,1.25
0.02,0.68
-0.08,0.42
-0.02,0.19
-0.36,-0.18
0.12,-0.02
-0.31,-0.44
-0.57,-0.97
-0.42,-0.15
0.06,0.42
-0.25,-0.41
-0.40,-0.23
-0.45,0.22
-0.46,0.04
-0.63,-0.70
-0.81,-0.45
0.93,0.31
0.24,-0.18
-0.69,-0.26
0.53,-0.00
-0.14,-0.30
0.23,-0.65
0.36,-0.63
-0.10,-0.30
0.05,0.68
-0.28,-0.04
-0.28,0.13
0.10,0.42
0.60,0.81
0.29,0.68
-0.06,0.65
0.05,0.51
0.85,0.53
0.16,-0.03
0.04,-0.07
0.71,0.10
0.65,0.36
0.86,-0.32
0.62,0.55
0.21,-0.06
1.14,-0.14
0.74,0.39
1.03,0.57
-0.18,0.56
-0.37,0.83
-0.67,0.18
0.03,1.14
-0.12,0.30
0.37,0.53
0.24,0.69
0.09,0.87
0.47,-0.44
1.27,-0.12
0.80,0.12
0.29,-0.01
1.09,0.31
0.91,0.56
0.53,0.18
0.23,-0.04
-0.63,-0.52
-0.59,-0.53
-0.34,-0.19
-0.71,-0.57
0.47,0.08
0.15,-1.01
-0.02,-0.15
-0.18,0.06
-0.14,-0.64
-0.10,-0.90
-0.08,-0.88
-0.30,0.38
0.52,-0.32
-0.26,-0.32
1.19,-0.36
1.06,-0.19
1.13,0.12
1.18,-0.14
0.33,-0.20
-0.14,-0.80
0.38,-0.46
0.02,-0.85
-0.44,-1.45
0.11,-0.26
0.89,-1.01
0.83,-0.74
0.03,-1.06
-0.65,-1.02
-0.53,-1.18
-0.16,-0.63
-0.40,-1.13
-0.04,-0.58
-0.68,-0.01
-0.18,0.08
-0.35,-0.37
1.01,0.07
0.16,0.45
-0.20,0.45
0.20,-0.24
-0.38,-0.20
-0.20,0.07
0.35,0.57
0.72,-0.11
0.19,-0.05
0.78,-0.53
0.97,-0.95
0.17,-1.27
0.73,-0.43
0.11,-1.01
-0.12,0.12
0.06,-0.31
-0.45,-1.13
0.01,0.14
-0.54,0.01
0.73,-0.08
0.67,0.01
0.91,-0.69
1.27,-0.30
1.21,0.14
1.04,0.40
1.15,0.11
0.24,0.08
0.34,-0.22
0.41,0.52
1.06,0.33
0.97,0.54
1.26,0.14
1.08,0.12
0.46,-0.18
1.03,0.27
1.32,-0.13
1.09,-0.20
1.13,0.30
0.82,-0.53
-0.23,-0.39
0.28,-0.19
0.17,-0.01
0.68,-0.56
0.05,-1.04
0.72,-0.56
1.00,0.29
0.37,0.02
1.21,-0.36
1.27,-0.63
0.95,0.56
0.95,0.38
0.74,1.01
1.07,0.57
0.77,0.77
0.79,0.79
0.24,0.64
0.70,1.01
0.69,0.51
0.82,0.69
0.43,0.17
0.31,0.13
0.49,-0.13
0.92,0.75
0.55,-0.40
0.83,0.33
0.62,0.96
0.85,0.26
0.80,0.70
0.98,0.28
0.58,-0.03
0.04,-0.16
0.45,-0.05
0.67,-0.12
-0.25,0.89
0.65,-0.13
0.64,-0.32
0.65,-0.49
0.46,-0.06
-0.34,-0.37
-0.01,0.48
0.09,0.51
-0.07,1.16
-0.25,0.51
0.07,1.13
0.95,0.52
-0.05,1.08
-0.40,0.08
-0.56,0.26
-0.23,0.82
0.30,0.70
0.12,-0.11
-0.68,-0.43
0.15,-0.18
0.61,-0.04
0.40,-0.82
-0.35,-0.17
0.22,-0.42
0.77,-0.30
-0.58,-0.74
1.06,-0.18
1.01,0.27
0.45,0.14
1.16,0.08
0.89,-0.25
0.98,0.49
0.32,0.31
0.66,-0.31
-0.10,0.18
0.42,0.41
0.06,-0.21
0.56,0.36
0.57,-0.08
0.33,0.62
0.71,0.18
0.57,0.10
0.88,0.75
0.51,0.37
0.49,0.44
0.79,-0.28
0.05,0.02
-0.29,-0.43
-0.06,-0.26
-0.21,0.84
-0.92,-0.13
-0.44,0.31
-0.51,0.49
-0.84,-0.07
-0.48,0.31
-0.65,-0.50
-0.52,0.00
-0.24,0.91
-0.75,-0.29
-0.39,0.09
-0.69,-0.76
-0.56,-0.72
-0.60,1.02
-0.24,0.34
-0.37,-0.10
0.06,-0.17
-0.13,0.94
-0.15,0.37
-1.02,-0.32
-0.56,0.33
-0.41,0.24
-0.53,0.25
0.66,-0.49
-0.38,0.07
-0.58,0.95
0.13,0.89
-0.81,0.39
-0.45,0.77
-0.71,-0.76
-0.79,0.38
0.11,-0.42
-0.38,0.32
-0.55,-0.49
-0.69,-0.74
-0.68,-0.93
0.05,0.01
-0.96,0.57
-0.73,0.44
-0.94,-0.05
-0.91,0.70
-1.02,0.18
-0.09,-0.18
-0.87,-0.00
-0.92,-0.06
-0.07,0.31
-0.13,0.28
0.67,-0.49
0.33,0.12
-0.02,0.31
0.64,-0.27
0.57,-0.01
0.27,-0.66
0.76,-0.27
-0.26,0.37
0.67,-0.35
-0.23,0.30
-0.67,-0.33
-0.89,0.12
-0.22,-0.01
-0.86,-0.57
-0.42,0.04
-0.54,-0.01
-0.35,0.25
-0.79,-0.52
0.01,-0.20
-0.41,-0.14
0.36,-1.14
0.53,-0.32
0.11,-0.45
0.48,0.12
-0.04,-0.26
0.61,0.12
0.32,0.12
-0.84,-0.58
1.03,0.06
0.07,-0.07
0.43,0.38
-0.01,-0.46
-0.28,0.44
0.24,-0.43
0.12,-0.27
0.55,0.18
0.21,-0.21
0.58,0.18
0.06,-0.03
-0.78,-0.34
0.28,0.51
0.75,0.27
0.87,0.27
0.64,0.98
0.70,0.71
0.87,0.46
0.76,0.75
0.70,-0.36
0.98,0.32
0.61,-0.07
0.94,-0.19
-0.24,-0.86
0.84,0.35
0.88,0.29
0.69,0.53
0.54,-0.47
0.51,-0.10
0.66,-0.28
0.33,0.16
-0.09,0.04
-0.33,-0.35
-0.48,-0.17
0.47,-0.04
-0.42,-0.43
0.53,-0.30
-0.00,-0.52
0.38,0.36
0.56,-0.54
0.02,-0.67
0.14,-0.48
-0.42,-0.46
0.38,-0.14
0.48,-0.09
1.03,0.04
-0.07,-0.07
0.20,0.14
0.73,0.25
0.89,0.06
0.18,0.12
0.06,0.83
0.22,0.77
0.08,-0.21
-0.47,-0.17
0.14,0.41
-0.84,-0.72
0.14,0.38
0.14,-0.67
0.12,0.39
-0.04,-0.43
-0.24,0.00
0.42,0.18
0.79,0.56
0.24,-0.63
1.13,-0.05
0.27,0.20
0.29,0.22
0.66,-0.46
0.10,-0.61
1.03,-0.08
0.11,-0.59
0.43,0.01
0.32,-0.02
0.48,-0.26
0.35,0.26
0.54,-0.49
0.00,-0.69
-0.45,-0.06
-0.03,0.07
-0.09,0.26
-0.08,0.44
-0.05,0.25
-0.42,-0.60
-0.32,-0.52
0.36,-0.30
-0.10,0.13
0.38,-0.29
0.66,-0.51
0.57,-0.57
0.38,0.18
0.44,-0.08
0.68,0.69
1.02,0.08
0.02,0.13
0.49,-0.11
0.13,-0.50
-0.31,-0.43
1.06,0.03
0.18,-0.95
1.16,0.06
0.60,-0.25
-0.44,-0.45
0.30,0.13
-0.26,-0.88
0.48,-0.30
0.64,-0.48
0.31,-0.04
0.64,-0.30
1.04,-0.17
0.70,-0.74
1.07,-0.36
0.50,-0.30
-0.30,-0.62
-0.06,-0.43
0.50,-0.12
-0.68,-1.00
-0.55,0.09
-0.11,-0.06
-0.32,-0.61
0.09,-0.05
-0.23,-0.38
-0.02,0.41
-0.29,-0.41
-0.71,-0.53
0.45,0.17
-0.25,-0.12
-0.37,-0.17
0.51,0.20
-0.83,-0.24
0.43,0.15
-0.11,0.02
0.88,0.58
0.08,0.27
-0.66,0.57
-0.29,-0.11
0.12,0.27
-0.51,0.84
0.08,0.96
-0.09,0.95
-0.04,0.91
-0.54,0.34
-0.54,0.28
0.20,-0.02
-0.34,-0.15
0.35,0.79
0.92,0.58
-0.47,0.14
-0.37,-0.31
-0.53,0.08
-0.39,0.53
-0.52,0.34
-0.20,-0.56
0.98,0.13
0.88,0.08
0.24,-0.49
-0.50,-0.35
0.06,-0.23
-0.17,0.20
1.01,-0.10
0.12,-0.49
0.26,0.49
-0.17,0.89
-0.15,0.89
0.13,0.69
0.11,-0.32
0.14,0.66
-0.05,0.25
-0.03,1.10
0.41,0.35
0.08,-0.03
1.06,-0.15
0.06,0.76
-0.03,0.68
0.25,0.34
-0.12,-0.05
0.09,0.52
-0.45,0.56
0.27,0.26
0.22,0.71
-0.32,0.07
-0.17,-0.18
0.28,0.44
0.10,0.70
0.37,-0.70
0.12,-0.57
0.32,-0.43
-0.70,0.20
-0.49,-0.43
-0.46,0.40
0.08,-0.64
-0.45,-0.13
0.07,0.37
0.15,0.43
0.09,0.39
0.03,0.66
-0.34,0.27
-0.15,-0.16
-0.23,-0.69
-0.09,-0.42
0.69,-0.54
-0.10,-0.67
-0.07,-1.14
0.01,-1.09
0.81,-0.77
-0.17,-0.83
-0.03,-0.39
-0.21,-0.65
-0.08,0.06
-0.35,-0.40
-0.41,0.30
-0.83,0.18
0.15,-0.26
0.09,-0.00
-0.03,-0.01
-0.37,-0.40
-0.22,-0.13
-0.07,-0.31
-0.39,-1.39
-0.24,-0.56
-0.18,0.40
-0.26,-0.49
-0.60,-1.27
-0.60,-1.25
-0.62,-1.26
-0.45,-1.43
0.30,-0.90
0.20,-0.93
-0.66,-0.98
-0.60,-0.95
0.29,-0.85
0.72,-0.43
0.18,0.47
0.21,0.23
-0.19,-0.08
0.22,0.20
-0.70,-0.28
-0.70,-0.31
-0.72,-0.30
-0.34,0.08
-0.34,0.58
-0.04,-0.75
-0.30,-0.18
0.37,-0.00
0.26,0.71
0.23,-0.28
0.14,0.52
0.05,-1.09
0.13,-0.31
0.26,-0.47
-0.11,-0.86
1.12,-0.12
0.10,0.20
0.07,0.20
0.57,0.11
0.52,0.12
0.42,-0.70
0.30,-0.75
0.75,-0.14
0.08,-0.32
0.60,-0.12
0.63,-0.19
0.10,-0.30
0.57,-0.55
0.73,-0.73
-0.24,-0.88
-0.22,-0.89
0.58,-0.57
0.20,-0.44
-0.22,-0.38
0.47,0.38
0.57,-0.25
0.14,0.00
0.15,0.26
0.28,-0.06
0.31,0.07
0.09,0.22
0.03,0.49
0.31,0.49
0.19,0.28
0.41,-0.24
0.17,0.28
0.46,0.25
0.80,-0.36
0.26,-0.29
0.31,-0.73
0.36,-0.44
1.12,-0.42
0.14,-0.48
0.75,-0.80
1.21,-0.34
0.67,-0.47
0.58,-0.07
1.12,0.06
0.71,-0.75
0.72,-0.25
0.99,0.04
1.09,-0.37
0.86,-0.77
1.19,-0.31
1.22,-0.39
1.37,-0.57
0.63,-0.51
0.79,-0.70
0.23,-0.82
1.09,0.14
1.09,-0.05
0.96,0.12
-0.01,-1.01
1.15,-0.31
0.35,-0.63
0.53,-0.88
0.09,-0.32
-0.28,-0.19
-0.23,-0.88
-0.08,-1.07
0.32,-0.76
0.24,-0.48
0.72,-0.75
0.43,-0.24
0.29,-0.68
0.57,-0.89
1.27,-0.60
0.28,-0.49
0.71,-0.73
0.59,-0.27
0.77,-0.69
0.48,-0.19
-0.08,-0.56
-0.10,-1.06
-0.14,-0.83
0.19,-0.27
-1.08,0.15
-0.87,-0.48
-1.12,0.85
-1.03,-0.30
-0.89,0.14
-0.71,0.79
-0.81,-0.75
-0.51,0.53
-1.03,0.12
-0.95,0.17
-0.56,0.28
-0.28,0.38
-0.48,-0.19
-0.60,-0.17
-0.63,-1.17
-0.41,-0.44
-0.91,-0.53
-0.82,-0.32
0.20,-0.27
-0.17,-0.13
0.14,0.59
-0.03,-0.23
-0.28,0.46
-0.16,0.23
-0.03,-0.25
-0.78,-0.99
-0.05,-0.24
-1.08,0.56
-0.85,-0.56
-1.04,-0.31
-0.52,-0.00
-0.47,-0.45
-0.32,-0.63
-0.84,-0.31
-0.98,-0.58
-0.45,-0.45
-0.78,-1.01
-0.65,-1.19
-0.62,-1.20
-0.57,-1.14
-0.23,0.13
-0.41,0.56
-0.78,0.00
-0.19,-0.10
-0.73,-0.24
-0.88,-0.05
-0.46,0.07
-0.75,-0.23
-0.93,0.40
-0.78,1.22
-0.36,-0.35
-0.69,-0.91
-0.73,-0.21
0.06,-0.15
-0.70,-0.93
-0.88,-0.03
-0.80,0.22
-0.67,-0.18
-0.72,0.27
-0.88,0.45
0.01,-0.01
-0.40,0.05
0.05,-0.24
0.11,0.25
-0.23,0.86
-0.62,0.00
-0.83,-0.57
-0.49,-0.17
-0.74,0.52
0.24,0.67
-0.76,1.21
-0.70,1.27
-0.10,1.39
-1.02,0.88
-0.47,0.84
-0.32,0.65
-0.96,0.61
-0.66,0.19
-0.43,0.14
-0.74,-0.69
-0.12,0.05
-0.75,-0.02
-0.17,0.03
-0.35,-1.40
-0.57,-0.27
-0.50,-1.21
-0.45,-0.44
-0.39,-0.70
-0.54,-0.52
-0.64,-0.57
0.16,-0.87
0.05,-0.40
-0.61,-0.44
-0.39,-0.32
-0.06,0.23
-0.45,-0.38
-0.75,-0.71
-0.16,-0.27
0.17,-0.69
-0.79,-0.82
-0.81,-0.84
-0.85,-0.14
-0.86,-0.53
-0.67,0.51
-0.53,-0.11
-0.54,0.55
-0.72,0.77
-0.93,0.20
-0.55,0.58
-0.49,0.64
-0.48,1.01
-0.79,0.17
-0.60,1.00
-0.60,0.82
-0.92,-0.27
-0.97,0.43
-0.72,-0.26
-0.91,0.17
-1.01,0.11
-0.45,0.24
0.63,-0.27
0.80,0.74
0.09,-0.40
-0.06,-0.22
1.01,0.11
1.14,0.13
0.28,-0.83
0.22,-0.38
0.54,-0.31
-0.09,-1.07
0.05,-0.02
-0.56,0.30
-0.62,0.57
-0.92,-0.08
0.19,0.88
0.42,0.36
0.12,0.57
-0.58,-0.70
0.07,-0.20
0.58,0.01
0.52,0.27
-0.22,-0.49
-0.17,-0.58
-0.35,-0.33
0.45,-1.08
-0.71,-0.71
-0.20,-0.58
-0.52,-1.14
0.03,-1.02
-0.01,-0.32
-0.32,-0.57
-0.42,0.39
-0.26,0.21
0.01,0.68
-0.31,-0.41
-0.02,0.23
-0.45,0.63
-0.66,1.26
-0.50,1.08
-0.81,0.43
-0.55,0.60
-0.56,0.35
-0.49,0.34
0.01,0.91
-0.91,0.40
-0.37,0.53
-0.51,0.09
-0.52,0.71
-0.70,0.97
-0.70,0.94
-0.55,1.08
-0.85,0.43
-0.76,1.23
-0.97,0.66
-0.66,0.27
-0.42,0.62
-0.78,0.24
-0.51,0.71
-0.23,0.36
-0.38,0.54
-0.30,-0.11
-0.36,0.33
-0.32,-0.36
-0.41,0.57
-0.38,0.34
0.17,0.47
0.22,-0.23
0.13,0.75
0.19,0.48
0.05,0.21
0.25,0.52
-0.12,0.14
-0.49,0.82
-0.66,0.01
-0.25,-0.05
-0.26,-0.30
-0.54,0.76
-0.52,0.07
0.28,0.39
0.46,-0.04
-0.18,0.65
-0.87,-0.30
-0.69,0.44
-0.26,-0.79
-0.84,-0.37
-0.47,-0.16
-0.68,-0.73
-0.66,-0.80
-0.88,0.16
-0.28,-0.42
-0.22,-0.31
-0.14,-0.60
-0.44,-0.26
-0.70,-0.74
0.12,-0.41
-0.60,-0.02
-0.76,0.16
-0.72,-0.03
-0.17,0.10
-0.12,-0.35
-0.55,-0.47
-0.49,-0.73
-0.13,-0.34
-0.12,-0.87
-0.46,0.10
-0.51,-0.09
-0.12,0.20
-0.27,-0.62
-0.15,0.57
0.47,0.15
0.22,0.96
0.10,-0.23
-0.45,-0.36
-0.48,0.01
-0.36,0.52
-0.31,0.08
-0.82,-0.29
-0.18,-0.09
-0.18,0.10
-0.55,-0.29
-0.45,0.74
-0.26,0.31
-0.82,0.36
-0.46,0.75
-0.77,-0.09
-0.64,-0.07
-0.78,0.36
-0.69,-0.13
-0.90,0.31
-0.56,-0.30
0.35,0.21
0.47,0.26
-0.14,0.02
0.35,0.07
0.17,-0.58
-0.29,-0.01
-0.43,-0.70
-0.06,-0.32
-0.27,-0.17
-0.40,0.30
-0.40,0.53
-0.34,0.26
-0.93,0.38
-0.17,1.08
-0.72,0.95
0.04,0.64
-0.35,0.27
-0.64,1.00
0.32,0.44
0.13,0.87
-0.68,0.25
-0.11,0.63
0.07,0.94
-0.08,0.12
-0.29,-0.18
-0.46,0.26
-0.14,1.07
-1.06,0.56
-0.22,0.31
-0.32,0.26
-0.26,0.35
-0.60,0.96
-0.20,0.08
-0.15,-0.36
-0.39,0.51
-0.51,-0.75
-0.12,-0.37
-0.54,0.69
-0.50,-0.00
-0.14,0.18
-0.52,0.69
-0.42,0.74
0.19,0.42
-0.88,0.33
-0.37,0.30
-0.25,0.12
-0.03,-0.31
-0.49,0.25
-0.33,0.06
-0.70,-0.32
-0.57,0.59
-0.63,1.03
-0.02,0.71
0.04,0.45
0.00,0.73
0.16,0.49
-0.36,0.34
-0.09,0.65
0.06,0.46
0.18,0.65
-0.68,-0.31
-0.62,-0.27
-0.12,-0.18
0.24,0.21
-0.49,-0.76
-0.37,0.35
-0.80,-0.01
0.22,0.19
-0.09,-0.05
0.29,0.33
-0.52,0.59
-0.80,0.55
-0.47,0.60
-0.74,0.57
-0.85,0.49
-0.67,0.62
-0.73,0.60
-0.42,0.42
-0.48,0.40
-0.35,0.87
-0.42,0.64
-0.86,0.29
-0.80,0.31
-0.78,0.34
-0.81,0.34
-0.75,0.36
-0.72,0.40
-0.74,0.39
-0.85,-1.39
-0.91,-1.41
-0.88,-1.20
-0.61,-1.16
-0.54,0.57
-0.43,0.64
-0.78,0.58
-0.51,0.55
-0.39,0.66
-0.57,0.53
-0.14,0.91
-0.08,0.93
-0.10,0.92
-0.32,0.90
-0.07,0.91
-0.45,0.79
-0.17,0.87
-0.11,0.89
-0.42,0.83
-0.43,0.86
-0.14,0.87
-0.20,0.85
-0.49,0.60
-0.38,0.68
-0.15,0.70
-0.11,0.72
-0.05,0.74
-0.27,-0.88
-0.21,-0.86
-0.49,-0.90
-0.62,-1.37
-0.65,-1.21
-0.71,-1.23
-0.65,-1.20
-0.94,-1.26
-0.99,-1.28
-0.95,-1.42
-0.94,-1.46
1.68,-1.32
-0.56,-1.12
-0.61,-1.36
-0.67,-1.38
-0.60,-1.14
-0.59,-1.17
-0.31,-1.13
-0.07,0.70
-0.13,0.68
-0.18,0.67
-0.22,0.81
1.29,-1.65
1.23,-1.67
1.64,-1.37
1.33,-1.60
1.69,-1.31
1.63,-1.33
1.83,0.45
1.86,0.49
1.82,0.45
1.84,0.48
1.90,0.50
1.53,0.19
1.49,0.17
1.88,0.47
1.56,0.22
1.51,0.21
1.45,0.18
1.72,0.38
1.78,0.40
1.75,0.41
-0.58,0.33
-0.14,0.67
-0.20,0.65
0.66,0.38
0.65,0.16
0.56,0.33
0.86,0.15
0.45,0.28
0.73,-0.13
0.40,-0.17
0.52,-0.23
0.70,-0.05
0.61,0.12
0.48,-0.16
0.83,0.22
0.81,0.00
0.68,0.28
0.77,0.11
0.82,0.28
0.72,-0.06
0.77,0.39
-0.74,1.16
-0.66,0.99
-0.77,0.93
-0.85,1.11
-0.68,1.09
-0.86,1.22
-0.77,1.05
-0.99,0.94
-1.02,0.71
-0.88,0.88
-0.85,1.04
-0.91,0.66
-1.08,0.72
-1.19,0.67
-1.11,0.49
-0.97,1.16
-0.96,1.10
-1.17,1.00
-1.10,0.82
-1.02,0.65
-1.20,0.78
-1.31,0.72
-1.06,0.94
-1.98,-1.25
-2.06,-1.08
0.58,0.00
0.56,-0.33
0.56,0.06
0.68,0.11
0.70,0.34
0.90,0.22
0.86,-0.01
0.78,0.16
1.03,0.38
0.47,-0.05
1.00,0.26
0.91,0.43
0.79,0.10
0.89,0.10
0.88,-0.11
0.79,0.06
1.02,0.16
0.64,0.11
0.83,-0.01
0.97,0.27
0.89,0.44
0.60,-0.01
0.77,0.50
0.85,0.33
-0.19,-2.02
-0.31,-2.08
0.11,-1.81
-0.14,-1.87
-0.07,-1.69
0.01,-1.86
-0.24,-1.91
-0.10,-1.91
-0.35,-1.97
-0.19,-1.74
-0.15,-1.81
0.75,0.21
0.66,-0.18
0.64,0.04
0.57,-0.01
0.77,-0.23
0.93,0.04
0.85,0.21
-0.81,0.81
-1.85,-0.98
-1.95,-1.02
-1.87,-1.20
-1.86,-0.92
0.14,0.89
0.10,0.89
-0.21,0.98
0.14,0.83
-0.17,0.87
-0.18,0.79
-0.01,0.67
-0.32,0.88
-0.07,0.84
-0.38,0.87
-0.34,0.81
-0.37,0.94
-0.23,1.08
0.13,0.93
0.08,0.99
-0.18,0.97
0.13,0.99
0.08,1.05
-0.19,0.89
-0.00,0.74
-0.31,0.77
-0.33,0.70
0.00,0.75
-0.05,0.81
-0.05,0.86
-0.36,0.84
-0.37,1.00
-0.42,0.55
-1.24,-0.76
-1.19,-0.83
-1.22,-0.69
-1.18,-0.70
-1.26,-0.95
0.04,0.67
-0.14,0.65
-0.10,0.59
-0.45,0.69
-0.10,0.64
-0.06,0.96
-0.13,0.55
-0.41,0.68
-0.10,0.42
-0.13,0.61
-0.08,0.54
-0.39,0.58
-1.32,-1.02
-1.28,-1.08
-1.13,-1.00
-1.09,-0.68
-1.05,-0.74
-1.03,-0.67
-1.12,-0.93
-0.82,-1.03
-1.17,-0.86
-1.17,-0.81
-0.81,-0.90
-0.02,0.66
0.03,0.60
-0.00,0.56
-0.27,0.53
-0.31,0.60
0.08,0.82
1.82,-0.29
1.78,-0.32
1.83,-0.38
1.85,-0.26
1.80,-0.19
1.69,-0.24
1.69,-0.30
1.64,-0.23
1.70,-0.34
1.70,-0.40
1.67,-0.37
1.83,-0.16
1.63,-0.31
1.78,-0.15
1.84,-0.31
0.92,-1.86
-0.77,-0.58
-0.95,-0.99
-1.00,-0.93
-1.26,-1.01
-1.31,-0.95
-0.88,-0.86
-1.00,-0.98
0.98,-1.84
0.96,-1.92
0.83,-1.93
0.79,-1.87
0.77,-1.94
0.50,0.01
0.40,0.28
0.44,0.42
0.51,0.22
0.61,0.08
0.47,0.11
0.57,0.12
0.53,-0.02
0.51,0.73
0.37,0.14
0.34,0.19
0.46,0.56
0.36,0.83
0.59,0.77
0.55,0.66
0.60,0.79
0.49,1.04
0.56,0.84
0.50,0.32
0.46,0.21
0.50,0.35
0.47,0.39
0.40,1.00
0.37,1.04
0.43,0.64
0.32,0.42
0.31,1.14
0.39,1.21
-1.29,0.21
-1.26,0.40
-1.35,0.31
-1.30,0.45
-1.20,0.18
0.40,0.66
0.34,1.07
0.35,1.10
0.49,0.73
0.30,0.96
0.54,0.89
0.43,1.13
0.45,0.80
0.50,0.93
0.43,1.16
0.35,1.07
0.41,0.49
-1.29,-0.27
-1.18,-0.54
-1.23,-0.68
-1.29,-0.46
-1.14,-0.59
-1.19,-0.73
-1.19,-0.75
-1.16,0.13
-1.20,-0.01
-1.16,0.10
-1.21,-0.03
-1.13,-0.82
-1.09,-0.71
-1.23,-0.55
-1.13,-0.85
-1.23,-0.37
-1.27,-0.51
-1.24,-0.58
-1.25,0.14
-1.21,0.28
-1.25,-0.34
0.42,0.25
1.35,-0.80
1.43,-0.71
1.39,-0.84
1.43,-0.74
1.45,-1.42
1.47,-0.78
1.40,-1.59
1.44,-1.45
1.49,-1.50
1.53,-1.36
1.48,-1.52
0.42,-0.06
0.53,0.01
0.56,-0.09
0.61,0.05
-1.10,0.01
-1.25,0.17
-1.14,-0.10
-1.12,-0.64
-1.18,-0.06
1.49,-1.32
-0.16,-2.15
-0.25,-2.21
0.50,-0.34
0.55,-0.36
0.53,-0.32
0.97,-0.37
0.63,-0.45
0.95,-0.33
1.00,-0.35
0.72,-0.45
0.99,-0.24
0.71,-0.34
0.65,-0.32
0.56,-0.22
0.19,-0.32
0.52,-0.20
0.54,-0.25
0.26,-0.35
0.21,-0.35
0.26,-0.37
0.55,-0.39
0.50,-0.36
0.27,-0.46
0.22,-0.46
0.92,-0.35
0.97,-0.40
0.62,-0.36
0.96,-0.37
0.96,-0.28
0.91,-0.26
0.90,-0.36
0.95,-0.27
0.89,-0.25
0.16,1.37
0.19,1.35
0.65,-0.42
0.70,-0.44
0.62,-0.44
0.99,-0.34
0.64,-0.31
0.67,-0.49
0.98,-0.23
0.66,-0.35
0.61,-0.33
0.94,-0.25
0.24,-0.37
0.47,-0.24
-0.48,1.31
0.48,-0.33
0.57,-0.33
0.20,-0.43
0.25,-0.46
0.51,-0.31
0.25,-0.42
0.30,-0.44
-1.52,-1.34
-1.44,-1.32
-1.49,-1.29
0.17,1.42
-0.25,1.43
-0.56,1.31
-0.51,1.28
-0.28,1.41
-0.23,1.42
-0.22,1.36
-0.18,1.40
-0.51,1.32
-0.21,1.38
-0.26,1.38
-1.83,0.43
-1.87,0.41
-1.02,-1.33
-1.05,-1.35
-1.03,-1.22
-1.11,-1.24
-1.45,-1.20
-1.47,-1.34
-1.52,-1.32
-1.53,-1.20
-1.53,-1.23
-0.11,1.32
-0.06,1.29
-0.10,1.31
0.19,1.37
-0.04,1.29
-0.13,1.29
-0.07,1.26
-0.55,1.30
-0.49,1.25
-2.23,0.40
-2.28,0.40
-2.23,0.38
0.83,0.22
0.85,0.24
0.71,-0.05
0.77,-0.06
0.81,-0.02
1.02,0.17
0.88,-0.12
1.05,0.21
0.90,-0.10
1.07,0.22
0.74,-0.14
0.76,0.11
0.82,0.10
0.98,0.20
0.71,-0.17
0.96,0.18
0.64,-0.12
0.67,-0.15
0.98,0.19
1.04,0.25
0.92,-0.02
0.90,-0.04
0.52,-0.12
0.65,0.17
0.63,0.15
0.55,-0.15
0.48,-0.09
0.66,0.17
0.60,-0.05
0.58,-0.07
0.94,0.27
0.85,0.24
0.91,0.29
-0.93,1.08
-0.95,1.06
-0.89,1.11
-0.74,1.09
0.75,0.20
0.61,-0.09
0.63,-0.07
0.69,0.20
0.77,0.10
0.79,0.12
0.85,0.18
0.71,-0.11
-0.77,1.18
-0.91,0.89
-0.96,1.11
-0.99,1.09
-1.08,0.84
-0.83,1.07
-0.86,0.82
-0.93,0.75
-0.95,0.79
-2.01,-0.93
-2.03,-0.95
-0.75,1.13
-0.68,1.20
-0.85,0.88
-0.62,1.09
-0.79,0.93
-0.81,0.91
-0.60,1.11
-0.75,0.86
-0.72,0.83
-0.57,1.14
-0.88,0.80
-0.41,-1.88
-0.38,-1.91
-0.35,-1.89
-0.30,-1.84
-0.16,-1.82
-0.18,-1.84
-0.33,-1.81
-0.25,-1.79
-0.21,-1.82
-0.19,-1.80
-0.14,-1.74
0.86,-0.07
0.83,-0.05
0.70,-0.00
0.87,-0.08
0.85,-0.10
0.61,-0.14
-0.68,0.87
-1.81,-0.86
-1.80,-0.91
-1.97,-0.96
-1.99,-0.98
-1.92,-0.90
0.21,-0.53
0.22,-0.66
0.54,-0.77
0.20,-0.46
0.54,-0.69
0.21,-0.58
0.15,-0.73
0.15,-0.78
0.14,-0.66
0.48,-0.82
0.46,-0.69
0.65,-0.72
0.59,-0.84
0.50,-0.86
0.49,-0.97
0.18,-0.82
0.19,-0.95
0.47,-0.77
0.41,-1.03
0.16,-0.86
0.07,-0.80
0.07,-0.85
0.13,-0.59
0.14,-0.72
0.57,-0.71
0.24,-0.75
0.23,-0.55
0.56,-0.66
0.57,-0.78
0.55,-0.51
0.65,-0.64
0.64,-0.57
0.30,-0.41
0.92,1.09
0.93,1.04
0.59,1.27
0.91,1.24
0.87,0.91
0.46,-0.75
0.45,-0.68
0.51,-0.98
0.50,-0.78
0.38,-0.76
0.49,-0.71
0.50,-0.83
0.88,0.76
1.00,1.16
1.01,1.03
0.68,1.26
0.95,1.03
0.96,0.90
1.00,1.23
1.01,1.10
0.94,1.10
0.99,1.30
0.95,0.98
-1.64,-0.30
-1.65,-0.10
-1.76,-0.22
0.58,-0.79
0.26,-0.76
0.31,-0.56
0.15,-0.81
0.16,-0.93
0.54,0.92
0.68,1.19
0.69,1.14
-1.30,1.72
-1.77,-0.07
-1.76,-0.20
-1.64,-0.22
-1.74,-0.09
-1.75,-0.27
-1.76,-0.14
-1.84,-0.26
-1.85,-0.13
-1.83,-0.33
-1.83,-0.41
-1.72,-0.36
-1.73,-0.24
-1.37,1.51
-1.37,1.59
-1.37,1.53
-1.38,1.66
-1.29,1.58
-1.28,1.52
0.87,0.97
0.53,1.07
0.67,1.34
0.68,1.21
0.81,0.55
0.74,0.90
0.70,0.41
0.77,0.53
0.82,0.84
0.81,0.77
0.85,0.64
0.81,0.52
0.84,0.57
0.78,0.35
0.80,-0.24
0.69,0.09
0.77,0.38
0.77,0.03
0.81,-0.17
0.84,-0.22
0.81,0.62
0.80,0.55
0.83,-0.29
0.88,0.27
0.89,0.59
0.88,0.42
0.88,0.17
0.91,-0.03
0.79,0.06
0.79,0.16
0.80,0.13
0.83,-0.14
0.72,0.41
0.76,0.21
0.76,0.28
0.74,0.80
0.77,0.60
-1.36,-1.68
-1.37,-1.65
-1.34,-1.26
-1.29,-1.39
-1.30,-1.46
0.47,-2.16
0.48,-2.09
0.55,-2.12
0.52,-1.60
0.55,-1.33
0.56,-1.26
0.87,0.20
-0.98,0.07
-1.01,-0.35
-1.05,-0.22
-1.00,-0.03
-1.05,-0.15
-1.12,0.23
-1.11,0.30
-1.12,0.20
-1.12,0.13
-1.09,-0.07
-1.33,-1.88
-0.96,0.47
-1.02,0.27
-1.01,0.34
-1.05,0.43
-1.04,0.50
-1.04,0.75
-1.08,0.80
-1.08,0.94
-1.08,0.70
-1.09,0.62
-1.11,0.52
0.73,-0.21
0.72,-0.28
0.68,-0.08
0.80,-0.31
0.82,0.15
0.76,-0.36
0.75,-0.43
0.88,-0.52
0.87,-0.59
0.84,-0.32
0.83,-0.39
-1.08,1.04
-1.07,1.12
-1.07,1.02
-1.11,0.55
-1.00,0.76
-1.10,0.62
-1.00,0.66
-1.04,-0.05
-1.05,-0.12
-1.04,0.10
0.77,-0.01
0.85,0.00
-0.21,-0.35
-0.26,-0.37
-0.22,-0.46
-0.54,-0.25
-0.27,-0.46
-0.50,-0.36
-0.55,-0.39
-0.50,-0.34
-0.55,-0.36
-0.53,-0.32
-0.97,-0.37
-1.00,-0.35
-0.95,-0.33
-0.72,-0.45
-0.99,-0.24
-0.63,-0.45
-0.71,-0.34
-0.65,-0.32
-0.52,-0.20
-0.26,-0.35
-0.56,-0.22
-0.19,-0.32
-0.70,-0.44
-0.65,-0.42
-0.62,-0.44
-0.99,-0.34
-0.64,-0.31
-0.98,-0.23
-0.66,-0.35
-0.61,-0.33
-0.94,-0.25
-0.24,-0.37
-0.47,-0.24
-0.62,-0.36
-0.96,-0.28
-0.91,-0.26
-0.92,-0.35
-0.97,-0.40
-0.95,-0.27
-0.89,-0.25
-0.67,-0.49
-0.96,-0.37
-0.90,-0.36
-0.16,1.37
-0.19,1.35
0.48,1.31
-0.48,-0.33
-0.51,-0.31
-0.57,-0.33
-0.20,-0.43
-0.25,-0.46
-0.30,-0.44
-0.25,-0.42
1.52,-1.34
1.44,-1.32
1.49,-1.29
-0.17,1.42
0.25,1.43
0.56,1.31
0.51,1.28
0.28,1.41
0.23,1.42
0.22,1.36
0.18,1.40
0.51,1.32
0.21,1.38
0.26,1.38
1.83,0.43
1.87,0.41
1.02,-1.33
1.05,-1.35
1.03,-1.22
1.11,-1.24
1.45,-1.20
1.47,-1.34
1.52,-1.32
1.53,-1.20
1.53,-1.23
0.11,1.32
0.06,1.29
0.10,1.31
-0.19,1.37
0.04,1.29
0.07,1.26
0.13,1.29
0.55,1.30
0.49,1.25
2.23,0.40
2.28,0.40
2.23,0.38
-0.34,0.66
-0.37,0.79
-0.45,0.65
-0.43,1.07
-0.49,1.05
-0.60,0.26
-0.47,0.75
-0.50,0.88
-0.63,0.11
-0.57,0.40
-0.65,0.21
-0.22,0.91
-0.34,0.38
-0.42,0.19
-0.56,0.31
-0.48,0.50
-0.45,0.37
-0.51,0.08
-0.54,0.21
-0.40,0.42
-0.54,0.55
-0.51,0.41
-0.57,0.06
-0.49,0.72
-0.59,0.16
-0.62,0.29
-0.37,1.03
-0.43,1.01
1.23,0.05
1.32,0.20
1.38,0.22
1.35,0.35
1.26,0.25
-0.57,0.87
-0.62,0.58
-0.53,0.46
-0.56,0.59
-0.45,0.92
-0.41,0.71
-0.68,0.00
-0.33,0.85
-0.36,0.43
-0.39,0.56
-0.42,0.74
-0.28,0.62
1.32,-0.25
1.28,-0.12
1.15,-0.55
1.20,-0.26
1.17,-0.13
1.32,-0.58
1.34,-0.16
1.29,0.06
1.17,-0.46
1.21,-0.59
1.20,-0.32
1.46,0.36
1.49,0.23
1.44,-0.06
1.29,0.40
1.35,0.12
1.38,-0.01
1.23,0.11
1.26,-0.54
1.27,-0.02
1.23,-0.41
-0.45,0.60
-1.05,-1.12
-1.16,-1.13
-1.13,-1.26
-1.19,-1.28
-1.28,-1.66
-1.25,-1.79
0.66,-2.27
-1.31,-1.81
-1.20,-1.47
-1.17,-1.60
-1.23,-1.62
-0.62,0.36
-0.59,0.22
-0.68,0.07
-0.47,0.23
-0.53,-0.05
-0.56,0.08
-0.43,0.56
-0.51,0.03
-0.49,0.27
1.09,-0.57
0.48,-2.29
0.63,-2.13
0.49,-0.48
0.83,-0.32
0.86,-0.31
0.82,-0.39
0.79,-0.34
0.75,-0.42
0.53,-0.23
0.67,-0.56
0.76,-0.23
0.66,-0.39
0.70,-0.31
0.50,-0.24
0.45,-0.25
0.46,-0.26
0.63,-0.39
0.67,-0.31
0.42,-0.34
0.70,-0.24
0.73,-0.18
0.59,-0.42
0.33,1.55
0.23,1.45
0.06,1.22
0.07,1.46
0.02,1.38
0.37,1.38
0.32,1.47
0.14,1.32
-0.01,1.38
-0.02,1.45
0.43,1.58
0.40,1.58
0.35,1.56
0.74,-0.48
0.69,-0.56
0.36,-0.48
0.52,-0.48
0.41,-0.40
0.34,1.32
0.40,1.39
0.44,1.41
0.39,1.50
0.13,1.25
0.10,1.24
-1.86,1.03
0.62,-0.59
0.67,-0.51
0.30,-0.68
0.59,-0.59
0.55,-0.36
0.50,-0.44
0.28,-0.62
0.24,-0.70
0.41,-0.57
0.37,-0.65
0.61,-0.58
0.29,-0.51
0.34,-0.43
0.26,-0.51
0.56,-0.42
0.37,-0.60
0.39,-0.35
0.43,-0.27
0.45,-0.51
0.42,-0.51
0.72,-0.43
0.76,-0.35
-1.90,1.09
-1.85,1.10
-2.02,0.98
-1.96,0.99
-1.93,1.00
-1.45,-0.62
-1.68,-0.89
-1.58,-0.79
-1.59,-0.87
-1.55,-0.79
-1.62,-0.82
-1.66,-0.90
-1.69,-0.90
-1.65,-0.82
-1.54,-0.73
-1.75,-0.92
-1.62,-0.75
0.21,-0.53
-1.55,-0.72
0.33,-0.36
0.36,-0.59
0.44,-0.50
0.73,-0.41
0.03,0.87
0.34,0.42
0.29,0.21
0.51,0.19
0.43,0.25
0.46,0.40
0.46,-0.01
0.49,0.48
0.42,0.19
0.59,-0.03
0.63,-0.13
0.20,0.76
0.34,0.25
0.39,0.46
0.34,0.15
0.38,0.05
0.51,0.03
-1.17,-0.43
-1.22,-0.32
-1.04,-0.55
-1.03,-1.04
-1.29,-0.38
-1.48,0.03
-1.52,0.13
-1.51,-0.05
-1.18,-0.36
-1.35,-0.14
-1.55,-0.26
-1.51,-0.36
-1.22,-0.75
-1.39,-0.53
-1.26,-0.65
0.11,0.65
-1.31,-0.20
-1.35,-0.09
-1.34,-0.27
-1.38,-0.48
-1.03,-0.77
-1.08,-0.67
-1.25,-0.71
-0.91,-0.89
-0.91,-1.21
-1.08,-0.98
0.15,-2.49
0.10,-2.38
0.20,0.75
0.16,0.86
0.06,0.95
0.25,0.54
0.20,0.65
0.07,0.77
0.19,0.83
0.15,0.44
0.08,0.81
-0.09,1.04
-0.14,0.83
0.14,1.04
0.32,0.81
0.07,1.10
0.02,1.20
0.19,0.98
0.04,1.02
-0.06,1.11
-0.11,1.22
0.11,0.89
0.06,0.99
0.12,0.71
-0.15,-1.72
1.26,-0.63
1.26,-0.95
1.30,-0.74
1.61,-1.19
1.37,-0.47
1.42,-0.57
1.74,-1.21
1.69,-1.10
1.72,-1.03
1.68,-0.92
0.24,0.87
0.25,0.69
0.50,0.52
0.54,0.42
0.21,0.48
0.33,0.75
0.37,0.64
0.67,0.25
0.34,0.57
0.56,0.24
1.69,-1.42
1.56,-1.40
0.34,0.42
0.36,0.32
0.53,0.72
0.67,0.76
0.62,0.69
0.68,0.38
0.46,0.88
0.48,0.78
0.57,0.74
0.62,0.55
0.64,0.44
0.71,0.60
0.73,0.50
0.67,0.80
0.65,0.90
0.60,0.96
0.64,0.71
-1.26,0.43
-0.99,0.54
-1.18,0.39
-1.11,0.36
-1.13,0.46
0.48,0.50
0.51,0.52
0.48,0.09
0.58,0.22
0.53,0.15
0.30,0.48
0.69,0.55
0.37,0.45
0.37,0.18
0.71,0.41
0.28,0.22
0.64,0.06
0.62,0.16
0.56,0.46
0.58,0.36
0.80,0.56
0.87,0.53
0.89,0.43
0.76,0.62
0.83,0.59
0.71,0.82
0.69,0.92
0.76,0.89
-0.78,-2.16
1.02,-1.87
0.97,-1.81
1.25,-1.40
1.27,-1.50
0.88,-1.67
1.20,-1.34
1.20,-1.47
1.11,-1.43
1.04,-1.27
1.06,-1.37
-0.96,-1.99
-0.94,-2.09
-0.85,-2.13
-0.87,-2.03
0.94,-1.83
0.42,0.29
0.42,0.43
0.40,0.53
0.48,0.13
0.57,0.09
0.55,0.20
-1.38,-0.17
-1.47,-0.14
-1.45,-0.24
-1.13,0.19
-1.52,0.06
-1.20,0.13
-1.28,0.53
-0.97,0.17
-1.08,0.30
-1.06,0.20
-1.15,0.61
-0.90,0.13
-1.06,0.57
-1.24,-0.10
-1.22,-0.20
-1.15,-0.24
-1.33,-0.06
-1.38,0.14
-1.40,0.24
-1.22,0.07
-1.31,-0.21
-1.45,0.13
-1.38,0.09
-0.42,0.91
-0.34,0.83
-0.39,0.88
-0.23,0.79
1.02,-0.45
0.96,-0.40
0.74,-0.64
0.99,-0.42
1.04,-0.48
0.82,-0.72
-0.36,-2.25
-0.54,0.54
-0.31,0.79
-0.26,0.73
-0.21,0.76
0.18,0.95
0.23,0.89
-0.51,0.61
-0.51,0.37
-0.28,0.62
-0.29,0.85
-0.36,0.71
1.17,-0.64
1.23,-0.70
1.47,-0.26
1.53,-0.32
1.31,-0.56
1.20,-0.53
1.43,-0.29
1.12,-0.45
1.18,-0.51
1.40,-0.26
1.34,-0.20
1.15,-0.51
1.09,-0.45
1.07,-0.65
1.01,-0.59
0.91,-0.56
0.79,-0.84
1.40,-0.40
1.45,-0.46
1.27,-0.34
1.32,-0.40
1.29,-0.37
1.07,-0.61
0.07,0.85
-0.06,0.90
0.10,1.04
0.02,1.04
-0.03,1.10
0.05,1.02
0.05,1.00
0.10,0.95
-0.23,0.83
-0.20,0.80
-0.62,0.64
-0.47,0.75
-0.41,0.69
-0.31,0.69
-0.33,0.71
-0.03,0.87
0.10,0.81
-0.23,0.59
0.07,0.98
-0.15,0.73
-0.05,0.70
0.01,0.64
-1.87,-0.89
-1.92,-0.83
-1.90,-0.86
-1.84,-0.91
-1.82,-0.95
-1.76,-1.01
-1.74,-0.95
-1.52,-0.66
-1.71,-0.98
-0.49,-2.19
-0.03,-2.00
-0.49,0.77
-0.44,0.71
-0.64,0.66
-0.69,0.50
-0.56,0.34
-0.28,0.66
-0.20,0.56
-1.84,-0.93
-1.79,-0.99
-1.54,-0.64
-1.44,-0.76
-0.14,-1.97
-0.94,0.05
-0.89,0.05
-0.81,0.26
-0.87,-0.10
-1.09,-0.08
-0.94,-0.18
-1.14,-0.08
-0.79,0.12
-0.93,-0.14
-0.60,0.14
-0.72,0.09
-0.91,0.07
-0.86,0.07
-1.06,-0.22
-1.01,-0.22
-1.00,-0.25
-1.05,-0.25
-0.73,0.09
-0.93,-0.20
0.30,-1.50
0.37,-1.53
0.31,-1.53
-0.78,0.33
-0.72,0.32
-0.80,0.24
-1.06,0.01
-0.65,0.54
-0.91,0.30
-0.86,0.30
-0.99,0.22
-0.94,0.22
-0.98,0.20
-0.87,0.27
-0.55,0.48
-0.57,0.39
-0.63,0.39
-0.77,0.07
-0.45,0.44
-0.65,0.12
-0.84,0.22
-0.69,0.52
-0.50,0.41
-0.68,0.29
-0.52,0.56
-0.80,0.24
0.51,1.39
0.52,1.50
1.87,0.10
1.94,0.21
2.10,0.43
2.16,0.42
1.88,0.21
2.15,0.45
2.09,0.45
2.17,0.53
2.22,0.53
0.81,1.82
0.86,1.81
0.98,1.86
0.93,1.86
0.90,1.77
0.64,1.54
0.92,1.75
-0.57,0.62
-0.58,0.58
-0.74,0.35
0.38,-1.09
0.45,-0.98
0.43,-1.06
0.37,-1.06
0.58,-1.13
0.28,-1.36
0.43,-1.42
0.38,-1.42
0.87,-0.81
0.79,-0.89
0.59,-1.19
0.65,-1.21
0.30,-1.27
0.35,-1.28
0.52,-1.06
0.56,-1.04
0.57,-1.07
0.71,-0.74
0.66,-1.10
0.72,-1.10
0.64,-1.19
-0.60,0.37
-0.51,0.67
-0.37,0.52
0.75,0.62
0.52,0.75
0.92,0.15
0.50,0.73
0.92,0.11
0.66,0.26
0.69,0.28
0.57,0.24
0.54,0.22
0.66,0.22
0.54,0.19
0.94,0.17
0.80,0.11
0.82,0.13
0.47,0.10
0.49,0.12
0.70,-0.02
0.67,-0.04
0.14,-1.67
0.42,0.07
0.11,0.07
0.42,0.03
0.38,-1.49
0.14,-1.71
0.38,-1.53
0.08,-1.53
0.05,-1.55
-0.07,-1.58
0.78,0.64
0.17,0.71
0.94,0.13
0.33,0.20
0.61,0.11
-0.17,-1.71
0.00,-1.22
-0.02,-1.24
-0.17,-1.67
-0.19,-1.69
-0.04,-1.52
-0.11,-1.08
-0.09,-1.06
-0.33,-1.20
0.22,-1.02
0.24,-1.00
0.19,0.73
0.51,0.40
0.54,0.42
0.25,0.54
0.25,0.50
0.78,0.60
0.05,0.64
0.40,0.67
0.07,0.66
0.38,0.65
0.52,0.71
0.50,0.69
0.59,0.09
0.45,0.58
0.30,0.53
0.33,0.55
0.18,0.38
0.42,0.60
0.64,0.55
0.66,0.57
0.30,0.57
0.05,0.67
0.38,0.69
-2.05,-1.29
-1.92,-1.14
-2.19,-0.80
-2.21,-0.82
-1.77,0.46
-1.39,0.50
-1.27,0.53
-1.62,0.63
-1.53,0.64
-1.78,1.10
-1.69,1.11
0.80,0.08
0.70,-0.05
0.47,0.06
0.37,-0.07
0.37,-0.03
0.09,0.05
0.20,0.43
-1.41,1.02
-1.65,0.84
-1.81,1.08
-1.94,0.93
-1.91,0.94
-0.12,0.77
-0.14,0.90
-0.07,0.77
-0.08,0.90
-0.14,0.82
0.09,0.61
0.17,0.46
-0.05,0.71
-0.03,0.58
-0.09,0.60
0.15,0.39
0.20,0.37
-0.03,0.68
-0.05,0.81
0.19,0.60
0.21,0.47
0.27,0.83
0.15,0.47
-0.08,0.69
0.15,0.69
-0.01,1.13
0.12,0.57
1.68,-0.85
1.66,-0.72
1.68,-0.83
1.64,-0.76
1.73,-0.85
1.74,-0.49
1.75,-0.62
0.45,-2.19
0.49,-2.06
0.51,-2.18
0.58,-1.96
0.22,0.82
0.23,0.92
0.19,0.80
0.09,0.59
1.81,-0.62
1.76,-0.40
1.77,-0.53
1.72,-0.51
1.70,-0.40
1.75,-0.60
1.68,-0.63
1.63,-0.61
-0.10,0.80
-0.03,1.03
-0.05,0.90
0.23,0.69
-0.06,1.12
-0.06,1.14
0.17,0.91
-1.24,-0.43
-1.24,-0.41
-1.25,-0.28
-1.00,-0.64
-0.14,0.80
0.01,0.90
-0.01,1.03
-0.05,0.92
0.19,0.71
-0.03,0.96
-0.01,0.83
-0.01,0.81
0.22,0.62
0.21,0.82
0.21,0.84
-1.31,-0.66
-1.27,-0.53
-1.31,-0.64
-1.08,-0.87
-1.33,-0.51
-1.02,-0.87
-1.33,-0.63
-1.32,-0.76
-1.32,-0.74
-1.10,-0.84
-1.10,-0.82
-1.08,-0.95
-1.04,-0.83
-1.02,-0.96
-1.26,-0.40
-1.24,-0.53
-1.02,-0.49
-1.02,-0.59
-1.26,-0.38
-1.18,-0.43
-0.95,-0.73
-0.94,-0.64
0.28,0.60
-0.84,-0.51
-0.96,-0.47
-0.56,-0.60
-0.53,-0.50
-0.92,-0.37
-0.65,-0.46
-0.81,-0.29
-0.59,-0.37
-0.55,-0.18
-0.75,-0.11
-0.41,-0.10
-0.52,-0.69
-0.48,-0.59
-0.76,-0.53
-0.93,-0.48
-0.90,-0.38
-0.85,-0.39
-0.62,-0.47
-0.38,-0.61
-0.74,-0.53
-0.82,-0.39
-0.45,-0.21
1.68,-0.61
1.65,-0.71
1.64,-0.52
1.58,-0.89
1.58,-0.69
1.54,-0.80
1.47,-0.97
1.51,-0.87
1.49,-0.56
1.43,-0.88
1.38,-0.64
1.80,0.98
1.75,1.06
1.72,0.96
1.67,1.20
1.82,1.24
1.73,1.38
1.57,-0.69
1.54,-0.79
1.53,-0.60
1.60,-0.62
1.41,-0.56
1.55,-0.38
-0.61,1.47
-0.81,-0.51
-0.85,-0.62
-0.70,-0.43
-0.66,-0.52
-0.69,-0.62
-0.46,-0.59
-0.64,-0.25
-0.36,-0.35
-0.32,-0.43
-0.28,-0.33
-0.79,-0.60
-0.83,-0.70
-0.77,-0.33
-0.81,-0.43
-0.74,-0.53
-0.86,-0.19
-0.70,-0.43
-0.75,-0.34
-0.70,-0.35
-0.56,-0.29
-0.76,-0.22
1.82,1.05
-0.14,1.32
-0.45,1.31
-0.15,1.52
-0.41,1.42
-0.17,1.33
-0.46,1.51
-0.23,1.65
-0.58,1.54
-0.23,1.15
-0.63,1.47
-0.67,1.37
-0.32,1.48
-0.36,1.38
-0.24,1.34
-0.57,1.65
-0.26,1.66
-0.50,-0.42
-0.73,-0.42
-0.42,-0.41
-0.65,-0.44
-0.34,-0.43
-0.31,-0.33
0.64,0.15
0.99,0.41
0.94,0.32
0.90,0.32
0.87,0.42
0.85,0.15
0.89,0.13
0.81,0.24
0.76,0.16
0.87,0.31
0.71,-0.04
0.88,0.26
0.42,-0.27
0.83,-0.04
0.59,-0.05
0.80,-0.04
0.61,0.04
0.54,-0.22
0.45,-0.30
0.46,-0.12
0.53,-0.11
0.50,-0.11
0.53,-0.01
0.58,0.08
0.55,0.08
0.38,-0.26
0.44,-0.18
0.58,0.19
0.54,0.19
0.79,0.17
0.56,0.37
0.70,0.09
0.86,0.54
-1.05,1.05
-1.22,0.70
-1.16,0.79
-1.17,1.00
0.61,0.15
0.63,0.33
0.52,0.07
0.56,-0.04
0.52,0.05
0.40,0.02
0.35,-0.17
0.40,-0.08
0.53,0.01
0.78,0.19
0.77,0.10
0.82,0.19
0.88,0.15
0.75,0.28
0.93,0.45
0.84,0.36
0.71,-0.09
0.77,-0.00
0.82,0.17
-1.08,1.00
-0.78,1.17
-0.86,0.91
-0.72,1.13
-0.87,1.18
-0.98,0.92
-0.93,1.01
-0.89,0.79
-0.76,1.23
-0.87,0.97
-0.06,-1.50
-0.16,-1.78
-0.13,-1.87
-0.07,-1.78
-0.40,-1.86
-0.42,-2.05
-0.37,-1.96
-1.72,-0.96
-0.41,-1.76
-0.39,-2.05
-0.32,-1.76
-0.33,-1.86
-0.98,0.96
-1.10,0.91
-1.04,1.00
-1.15,0.61
-1.07,0.87
-1.21,0.65
-1.28,0.74
-1.22,0.83
-2.01,-1.13
-1.96,-1.04
-2.05,-1.13
-1.75,-0.96
0.64,-0.42
0.45,-0.12
0.83,-0.46
0.52,-0.47
0.79,-0.56
0.48,-0.58
0.68,-0.28
0.72,-0.17
0.79,-0.53
0.75,-0.63
0.64,-0.35
-1.11,-1.05
-0.88,-1.21
-0.77,-0.50
0.92,-0.59
0.88,-0.70
0.84,-0.77
0.91,-0.48
0.86,-0.55
0.82,-0.65
0.90,0.14
0.85,0.07
-0.99,-0.92
-0.89,-1.09
-0.97,-0.70
-0.98,-0.08
-1.04,-0.68
-1.08,-0.78
-0.97,-1.07
-1.23,-0.64
-1.35,-0.73
-1.31,-0.62
-1.76,1.05
-1.22,-0.76
-1.15,-1.15
-1.12,-0.93
-1.16,-1.04
-1.21,-0.15
-1.04,-0.45
-1.08,-0.56
-1.28,-0.13
-1.24,-0.03
-1.13,-0.31
-0.90,-0.48
-0.86,-0.37
0.62,-0.65
0.71,0.17
0.98,0.12
0.94,0.01
0.60,0.46
0.63,0.19
0.56,0.35
0.52,0.48
0.66,0.10
0.75,0.32
0.47,0.41
0.99,0.01
0.95,-0.10
0.88,0.30
0.86,0.41
0.83,0.30
0.93,0.05
0.84,0.23
0.89,-0.06
0.68,-0.01
0.62,-0.00
0.51,0.28
-1.64,1.41
-1.65,1.52
-1.73,1.54
-1.69,1.65
-1.68,1.03
0.11,2.07
0.15,2.14
0.11,2.03
0.07,2.16
-0.04,1.49
0.01,1.56
0.53,-0.14
0.41,-0.19
0.37,-0.29
0.81,-0.30
0.48,-0.21
0.50,-0.32
0.46,-0.43
0.73,-0.48
0.82,0.34
0.80,0.12
-0.00,1.36
0.12,1.96
1.01,1.09
1.04,1.12
1.26,0.87
0.92,0.78
0.92,0.83
0.94,0.87
0.86,0.77
1.08,0.56
1.17,0.66
1.19,0.69
1.17,0.67
0.84,0.74
-0.06,-0.79
0.19,-0.96
0.17,-1.00
-0.06,-0.84
-0.02,-0.81
0.01,-0.77
-1.83,0.18
-1.77,0.25
-1.74,0.28
-1.76,0.16
-1.85,0.15
-1.85,0.10
-1.76,0.41
-1.67,0.46
-1.76,0.36
-1.77,0.20
-1.73,0.40
-1.65,0.54
-1.67,0.42
-1.67,0.51
-0.76,2.06
0.99,1.01
1.00,1.02
1.18,0.82
1.20,0.85
0.91,0.97
0.93,1.00
1.09,0.57
-0.75,2.02
-0.84,1.96
-0.94,1.70
-0.91,1.74
-1.83,0.14
-0.02,-0.75
-0.02,-0.80
0.04,-0.53
0.10,-0.51
0.10,-0.47
0.02,-0.60
0.08,-0.54
0.33,-0.71
0.08,-0.58
0.37,-0.65
-1.65,0.50
0.03,-0.69
0.03,-0.74
0.01,-0.82
0.26,-0.93
-0.01,-0.84
-0.10,-0.89
0.17,-1.04
0.04,-0.58
0.35,-0.73
0.01,-0.61
0.26,-0.78
0.33,-0.72
0.26,-0.74
0.29,-0.70
0.23,-0.98
0.26,-0.94
0.26,-0.89
0.21,-1.00
0.15,-1.02
0.21,-1.05
0.15,-1.07
0.17,-1.03
0.27,-0.77
0.30,-0.79
0.33,-0.75
-0.01,-0.64
0.31,-0.74
0.06,-0.57
0.35,-0.63
1.25,0.85
1.22,0.81
1.27,0.93
1.24,0.89
1.02,1.10
-0.20,-0.55
-0.11,-0.87
-0.20,-0.49
-0.17,-0.77
-0.16,-0.34
-0.12,-0.69
-0.63,-0.43
-0.05,-0.83
-0.10,-0.36
-0.16,-0.31
-0.07,-0.64
-0.69,-0.38
-0.63,-0.49
-0.72,-0.43
-0.64,-0.24
-0.49,-0.61
-0.64,-0.30
-0.67,-0.29
-0.55,-0.63
-0.15,-0.37
-0.04,-0.74
-0.10,-0.69
0.96,0.05
-0.64,-0.60
-0.61,-0.61
-0.55,-0.66
-0.68,-0.32
-0.55,-0.60
-0.61,-0.55
-0.70,-0.29
-0.60,-0.74
-0.69,-0.41
-0.75,-0.37
-0.52,-0.66
-0.63,-0.76
-0.57,-0.81
-0.66,-0.48
-0.59,-0.77
-0.78,-0.42
-0.63,-0.79
-0.74,-0.43
-0.60,-0.80
-0.65,-0.76
-0.20,-0.82
-0.17,-0.83
0.92,0.37
1.41,0.29
1.47,0.25
1.50,0.24
1.35,0.31
-0.05,-0.89
-0.11,-0.84
-0.20,-0.51
-0.08,-0.88
-0.13,-0.41
-0.94,1.45
1.01,0.04
1.44,-0.02
1.53,-0.08
1.54,-0.04
1.59,-0.09
1.53,-0.01
1.44,0.25
1.38,0.30
1.59,-0.03
1.53,0.02
1.44,0.35
0.69,2.16
-0.91,1.50
-0.85,1.39
-1.39,1.57
-1.44,1.43
-1.38,1.38
-1.44,1.37
-1.38,1.32
-1.37,1.47
-1.43,1.52
-1.47,1.38
1.10,0.05
0.95,0.42
1.11,-0.02
1.05,-0.00
0.99,0.04
0.90,0.43
1.02,0.31
0.92,0.33
1.44,0.31
0.26,2.18
0.17,2.18
0.75,2.05
0.09,-0.59
0.09,-0.61
-0.12,-0.77
-0.14,-0.90
0.12,-0.57
0.15,-0.69
-0.08,-0.90
-0.07,-0.77
0.19,-0.80
-0.01,-1.13
0.21,-0.84
-0.14,-0.82
0.17,-0.46
-0.05,-0.71
-0.03,-0.58
0.15,-0.39
-0.08,-0.69
-0.03,-0.68
-0.05,-0.81
0.21,-0.47
0.19,-0.60
0.15,-0.47
1.64,0.76
1.63,0.61
1.68,0.85
1.66,0.72
1.68,0.83
1.70,0.40
1.68,0.63
0.45,2.19
0.51,2.18
0.49,2.06
0.58,1.96
0.20,-0.37
0.22,-0.82
0.23,-0.92
0.27,-0.83
1.73,0.85
1.81,0.62
1.76,0.40
1.77,0.53
1.72,0.51
1.75,0.60
1.75,0.62
1.74,0.49
0.19,-0.71
-0.01,-1.03
-0.05,-0.92
-0.09,-0.60
-0.14,-0.80
-1.24,0.53
-1.26,0.40
-1.32,0.74
-1.10,0.84
-1.33,0.63
-1.32,0.76
0.01,-0.90
-0.05,-0.90
-0.06,-1.14
-0.01,-0.83
-0.03,-0.96
0.22,-0.62
-0.01,-0.81
0.17,-0.91
-0.06,-1.12
-0.03,-1.03
-0.10,-0.80
-1.31,0.66
-1.27,0.53
-1.08,0.87
-1.33,0.51
-1.31,0.64
-1.24,0.43
-1.02,0.87
-1.24,0.41
-1.25,0.28
-1.00,0.64
-1.02,0.49
-1.04,0.83
-1.02,0.96
-1.08,0.95
-1.10,0.82
-0.95,0.73
-1.02,0.59
-1.26,0.38
-1.18,0.43
-0.94,0.64
0.28,-0.60
0.21,-0.82
0.23,-0.69
0.36,0.83
0.34,1.07
0.40,0.66
0.30,0.96
0.35,1.10
0.43,1.13
0.43,1.16
0.49,0.73
0.54,0.89
0.45,0.80
0.50,0.93
0.51,0.73
0.37,1.04
0.40,1.00
0.31,1.14
0.39,1.21
0.35,1.07
-1.29,0.21
-1.20,0.18
-1.35,0.31
-1.30,0.45
-1.26,0.40
0.44,0.42
0.40,0.28
0.41,0.49
0.51,0.22
0.32,0.42
0.47,0.11
0.47,0.39
0.53,-0.02
0.37,0.14
0.34,0.19
0.43,0.64
0.46,0.56
0.59,0.77
0.49,1.04
0.55,0.66
0.60,0.79
0.56,0.84
0.50,0.01
0.50,0.32
0.50,0.35
0.46,0.21
0.61,0.08
0.57,0.12
-1.29,-0.27
-1.29,-0.46
-1.23,-0.68
-1.18,-0.54
-1.19,-0.73
-1.14,-0.59
-1.19,-0.75
-1.16,0.13
-1.20,-0.01
-1.21,-0.03
-1.16,0.10
-1.21,0.28
-1.25,0.14
-1.09,-0.71
-1.13,-0.85
-1.24,-0.58
-1.23,-0.55
-1.25,-0.34
-1.27,-0.51
-1.23,-0.37
-1.13,-0.82
0.42,0.25
1.35,-0.80
1.39,-0.84
1.43,-0.71
1.43,-0.74
1.47,-0.78
1.45,-1.42
1.40,-1.59
1.44,-1.45
1.53,-1.36
1.49,-1.50
1.48,-1.52
0.42,-0.06
0.53,0.01
0.56,-0.09
0.61,0.05
-1.10,0.01
-1.25,0.17
-1.14,-0.10
-1.12,-0.64
-1.18,-0.06
1.49,-1.32
-0.16,-2.15
-0.25,-2.21
