['Apache\\_baseline', 0.0, 0.0, 0.0, 0.0, 0.0, 0.0, 0.0, 0.0, 0.0, 0.0, 0.0, 0.0, 0.0, 0.0, 0.0, 0.0, 0.0, 0.0, 0.0, 0.0, 0.0, 0.0, 0.0, 0.0, 0.0]
['Apache\\_25', 5.0749711649365628, 5.5171009771986972, 10.122164048865619, 5.5142503097893432, 1.7049180327868851, 5.1787916152897653, 10.117939168218498, 10.127282789153293, 2.375407545412203, -1.5028625954198473, 3.1007751937984498, 0.81377520934071701, -1.1312217194570136, 5.398832684824896, 4.2416452442159382, 10.701956271576524, 5.355791749234367, 5.4732041049030791, 5.4590570719602978, -9.0551181102362204, 0.12360939431396786, 5.5225653206650831, 2.3295874005413757, 1.089588377723971, -0.24479804161566707]
['Apache\\_50', 11.229314420803783, 17.750826901874312, 7.9452054794520546, 9.105014895729898, -9.0155912142938508, 9.6855345911949691, 4.9540551338393923, -3.3047274917193512, 0.90847993208507383, 0.54913346382442119, 17.991169977924944, 2.5656504678539087, 7.206073090714888, -1.3002364066193954, 10.910151691948668, -5.598958333333333, 7.7063106796116507, 16.828688701663427, -7.0496083550913839, 1.8292682926829269, 5.1344743276283618, 9.3645042710179087, 2.3110459508468724, -2.7117086062277429, 0.0]
['Apache\\_75', 11.327649208282581, 6.1513880567205907, 10.196084818084099, -0.72997025336274446, 0.0, 18.932038834951456, 0.45808174968376764, 10.63182396051451, -15.531738475059326, 0.0, -0.12330456226880394, 10.316573556797021, 19.901728220214306, 3.5806634817759817, 6.7051959031502406, 21.556886227544911, 28.144218942189422, 12.675746924428818, 1.4676715589051963, -0.40257648953301128, 4.375, 18.0823830579474, 10.214224039990921, -7.5009577599370445, 5.9126043415681737]
['Apache\\_25\\_w', 4.2183622828784122, 0.0, 4.9704142011834316, 7.8651685393258424, 2.0325203252032522, 2.2113022113022112, 10.624315443592552, 7.7273534110407693, 4.3385922330097086, 1.2686330478908976, -1.2919896640826873, 4.0540540540540544, 0.3167898627243928, -5.3582179409993982, -1.8666666666666667, -8.9371980676328509, 0.0, 1.2488106565176023, 4.8962321176707633, -7.1991525423728842, 1.354679802955665, 1.8151411323217492, 2.2092469511563828, 4.9816094741522168, 1.5143458748963103]
['Apache\\_50\\_w', 4.0490797546012267, 10.588531187122733, 5.5491778097563387, -1.5946727416104483, -2.4148339801638636, 0.25125628140703515, 4.039315428719223, 2.6562201414102811, -3.0006384337092999, 4.2355371900826446, 0.25412960609911056, -3.8009644892590888, 13.193468544022053, 4.2857142857142856, 0.0, 8.1395348837209305, 2.7735834061829343, -1.490947816826411, 5.3584905660377355, 0.0, 4.0201005025125625, 16.62037451841233, 18.333333333333332, 1.9169884169884206, 19.341822977148816]
['Apache\\_75\\_w', 5.025125628140704, 14.57186968053521, 13.278495887191539, -8.1854977609369577, 16.710732054015647, 16.311166875784192, 12.434949883567892, 20.118487541383523, -0.97877186424736784, 0.0, 4.918032786885246, 7.3076923076923048, 12.17210270645386, 4.6647230320699657, -1.0253642741500133, 7.4165636588380721, 10.411123618501847, 6.5893271461716969, 13.7563261011174, -5.3356302272007587, 8.9873417721518987, 12.937162354279215, 23.114256825075838, -2.0993343573988734, 2.7582748244734203]
['Apache\\_25\\_w\\_iP(25)', 6.0049019607843137, -2.1794978039280646, 6.598297213622291, 2.1811237310282441, 0.0, 3.933253873659118, 6.2239013720421559, -10.633295089165561, 1.5166633406505687, 4.3525835866261433, 2.6548672566371683, -4.5397225725094579, 2.4778219639033345, 5.7410902793317842, 6.4541018422227472, 11.829268292682928, 6.2512482524465751, 1.3086588254184863, 2.8643216080402047, 0.64666321779617175, -3.1788079470198674, 1.2643454580820852, 3.5026943802925325, -1.5, 2.4630541871921183]
['Apache\\_50\\_w\\_iP(25)', 2.6957637997432604, 4.4011544011544013, 12.018853102906521, 4.651986700823028, 9.6064252436619277, 3.2622333751568382, 9.7361055577768898, 12.410331051076032, -1.3053223750714111, 5.4902386117136741, 12.923462986198244, 18.941216913028533, -0.48272078990674044, 4.5417459885776523, -5.4569362261669951, 7.6354679802955667, 11.427160493827161, 25.440140845070424, -1.8481012658227924, 6.4586958322976251, 11.138613861386139, 2.1683673469387754, -2.1196420160150731, -2.4530032095369099, 2.3942716491385099]
['Apache\\_75\\_w\\_iP(25)', 14.17910447761194, 25.407074677147669, 18.637477098917618, 0.0, 0.0, 11.165644171779141, 7.7975376196990425, 24.863954508296988, 1.4909859588534806, -1.5135528188625522, 13.69047619047619, 22.854148471615716, 14.359175150091366, -3.6491706430356818, -0.12213759583105381, 24.028268551236749, 18.534658636504584, 4.3339102474715716, 6.6791845493562008, -2.0474495323589768, 13.962264150943396, 2.5722484115597459, -2.9831744371016518, -7.7326444362205899, 0.0]
