['BDBJ\\_baseline', 0.0, 0.0, 0.0, 0.0, 0.0, 0.0, 0.0, 0.0, 0.0, 0.0, 0.0, 0.0, 0.0, 0.0, 0.0, 0.0, 0.0, 0.0, 0.0, 0.0, 0.0, 0.0, 0.0, 0.0, 0.0]
['BDBJ\\_25', 13.705640226944032, -0.11180337894657068, 5.4402459937318737, -0.022839089101010204, -0.26163814018095843, 4.5229296548092561, 1.3703336132529234, 1.6212417808562967, 13.781123886393054, 14.1919743886957, 7.4194382959151346, 0.45814244064972587, 5.7049615558130169, 22.804895072355869, 15.779385171790231, 8.853754940711454, 0.52296064434858258, 0.0051248411299249725, 2.9890635118987801, 6.6644100943999502, 6.914063271879396, 11.43672149852619, 4.1446518727251584, -0.020915084755912826, 0.49488683322214866]
['BDBJ\\_50', 17.767662735593465, -0.01620220349966555, -1.4306714424729368, 14.31750450945024, 2.1223527796528727, 15.050210885720031, 0.92611024219158, 1.914703583789225, 2.8206346190385849, 4.6836965128896839, 18.414851428243001, 6.5964694951997389, -3.0001533624722034, 1.8494448688819138, -5.9510932745670955, 30.880221918602249, -8.2312628968441999, 7.273195825197484, 4.1210307919716573, -0.21082155394987565, 6.5845087849542265, -9.7365460784406395, -1.8281456451578086, 23.747169361566886, 5.3549099699899934]
['BDBJ\\_75', 36.305908601176569, -0.26958228834973119, 2.8468884968672166, 6.8388451232313319, -9.0713388315507775, 33.219346383815221, -0.18304541814436665, 14.892023586068291, 6.4198718578001035, -0.83467667206332297, 35.203205495134512, 11.360198434695993, 23.659922901601067, 10.045899210139019, 0.0, 10.627434518172841, -26.430669800235023, -10.221420580828626, -26.420710182044719, 29.952365308804211, 35.361613013198259, 5.3128819604464237, -13.817669675350047, 1.67636511910612, -11.422525245031018]
['BDBJ\\_25\\_w', 0.013620531979042063, 4.53199770924937, 7.112325111032348, 3.5354656442336942, 14.194715812815081, 5.5261663528497635, 6.6980393654187651, -0.53148622318339378, 3.7380025144889837, 4.4469928644240504, -5.7820316282071893, 4.2915708364193934, -0.13748169401356158, 1.778979210915876, 6.1281994154882433, 4.2927903137039154, -1.56318550309968, 4.1550818659252391, 0.09759851349956021, 1.0116950824292024, -0.2367157597334969, 13.379559270516721, -0.24207089071786891, 14.305134605098958, 12.144696122539203]
['BDBJ\\_50\\_w', 1.6779294369891005, 11.559272011805213, 7.0691312872332297, 17.024076058699318, -0.047315183058616192, 1.9702584791480977, 8.5056644488401254, 10.415262683308805, 4.3074817334594711, 7.02341137123745, 4.9892130376474846, 18.60685845537639, 3.2225632342046779, 4.5772377882469719, -3.5339361812701502, 13.502420543043581, 0.53814558454398864, 0.32397408207344525, 10.506901927976584, 5.6758307130109564, 16.528593567643075, -4.483778200818171, -1.1152381311512432, -6.0224994280946653, 0.083133959905301147]
['BDBJ\\_75\\_w', 13.306201983091945, -1.8844972268612943, 18.000531017087368, 21.016466086888613, 2.9930425971008852, 14.281235461882305, -1.6143393596841111, 2.0340402070592014, 6.6376338583057297, 3.2662095214454814, 4.1516392607535275, 9.35326328252183, 2.5588214405292229, -5.230173417330084, 6.1357021836248826, 14.340120550574268, 34.484993050599158, -1.6126294347309456, 11.46271149908395, -2.2488322200751667, 17.876087915802138, 19.659113657378718, -6.1142468749076402, 2.2162550584319716, 11.466511957712882]
['BDBJ\\_25\\_w\\_iP(25)', -2.3046414406688998, -0.27749071841390133, -2.5860843067547017, 1.8947568871397682, -6.4216621914528798, 10.076030570625283, 0.40284473294831491, -0.91772938454773156, -0.028847650245023528, 3.2440452473921195, 3.0602181701083015, 5.4402160381514051, 4.8846898271167607, -1.0157025849778385, 4.6658425478897403, -1.6002259600868884, 4.3267010661152039, 10.687302317287212, -2.9839455324871622, -5.1063091740124253, 7.3382332871931784, 6.8829431438127022, -0.28502454659798543, 0.4866690841078688, -2.2783936174293311]
['BDBJ\\_50\\_w\\_iP(25)', 23.589020266890746, -11.906362365694671, -12.592207300926802, 10.285152242298853, 6.9116410067386775, 0.37403425581492644, 0.021737281327702841, 2.8357463804293559, 4.7348625903031234, 4.885175412879895, -2.0583900341214387, 11.508337172713283, 11.586229780174177, -6.3987786925467454, 0.99822696852612547, 14.741990416221123, 8.0042851319194863, 12.075786370864536, 1.7600391772771864, 6.5870412649671382, 17.726185149882312, 2.3735541166329139, -0.44166117336850413, -4.1388571947857828, 0.82173053056160617]
['BDBJ\\_75\\_w\\_iP(25)', 37.074622310392179, 29.796833158691346, -18.042816621462158, -6.5346788500460065, -0.32060695056290661, 38.818344501979901, 10.63154593916588, 4.6819033787032627, 10.637929041950771, 5.331393469123836, 13.357687258962267, 3.6396211412064154, -8.3195261370226312, 16.433966441962305, -2.8190564980761121, 36.259681006057818, 10.654807692307678, 6.5541471747190183, -6.6957917955992832, 1.5110948771801425, 22.70891072907823, 8.4156109898420031, 8.7126549156051407, -4.4562470206240175, -14.123588394590803]
