0.85,0.49
0.60,1.13
-0.21,1.01
0.35,0.48
0.10,1.23
0.85,1.00
1.18,0.14
0.57,0.80
0.29,0.86
0.66,0.59
0.19,-0.42
0.35,0.33
1.26,-0.39
-0.43,-0.37
0.61,1.39
0.06,0.94
-0.90,0.33
-0.16,0.24
0.10,-0.47
-0.89,-0.40
-1.03,0.09
-0.85,0.29
-0.75,0.47
-0.37,0.17
-0.16,0.13
0.55,-0.08
0.90,-0.48
-0.20,0.06
-0.16,0.13
-0.24,0.12
0.88,-0.04
0.55,1.14
-0.66,0.62
0.58,-0.38
0.60,1.12
0.89,0.67
-0.36,0.70
0.64,0.97
-0.93,0.50
0.62,-0.66
1.32,0.06
0.53,-0.59
-0.23,0.45
0.60,1.12
-0.12,-0.28
0.41,1.13
0.84,0.48
0.33,0.59
0.25,0.91
0.03,0.76
0.54,0.12
0.37,1.21
0.35,-0.95
-0.63,0.33
-0.71,-0.17
-0.42,-0.56
-0.26,0.04
1.35,-0.60
1.07,-0.06
-0.12,-0.02
0.30,0.87
-0.74,-0.44
0.58,0.07
1.09,0.58
0.10,0.88
-0.07,0.07
0.38,0.08
1.27,-0.02
0.50,0.16
-0.51,0.40
-0.12,-0.56
0.42,0.28
0.59,-0.23
1.16,-0.57
0.51,1.33
0.32,-0.63
0.07,1.20
1.36,-0.23
0.89,0.93
-0.05,1.14
0.65,0.22
1.04,0.05
0.59,0.75
0.03,0.75
0.02,0.58
-0.07,0.93
-0.05,0.50
-0.07,0.92
-0.88,0.20
-1.12,0.26
0.57,0.80
-0.62,-0.47
-0.22,0.64
0.37,1.05
-0.36,0.63
-0.12,0.09
0.07,1.20
0.10,0.77
0.06,0.83
0.38,-0.04
0.12,-0.67
-1.23,0.07
0.37,1.05
0.86,-0.58
-0.12,0.10
0.66,0.59
0.37,1.05
-0.13,0.81
0.66,0.76
-0.12,0.97
0.37,1.05
0.01,0.80
0.66,-0.81
-0.60,-0.45
0.86,-0.47
-0.17,-0.23
1.03,-0.22
1.32,-0.08
0.08,-0.02
-0.26,0.10
-0.20,0.06
1.27,-0.02
0.81,0.77
-0.63,0.33
-0.39,0.64
-0.42,0.72
-0.34,0.14
0.20,1.06
0.55,0.57
-0.13,1.04
1.31,-0.19
1.12,-0.42
0.10,0.88
1.27,-0.02
-0.15,-0.11
0.31,1.06
0.17,-0.55
-0.02,0.27
-0.57,-0.16
-0.32,-0.55
1.14,0.21
0.42,0.30
-0.12,-0.56
0.06,-0.16
-0.37,-1.10
-0.70,-0.59
-0.61,1.14
-0.44,-0.01
-0.27,0.27
0.41,-0.09
0.13,-0.63
-0.58,0.71
-0.59,0.45
0.92,0.52
-0.83,0.08
-0.28,0.35
-1.04,0.56
0.08,-0.24
0.14,0.87
1.16,-0.57
0.51,-0.03
1.02,-0.25
-1.31,0.64
1.07,0.31
-0.64,-0.19
-1.09,-0.16
-1.12,0.37
-0.66,0.63
-1.03,0.43
-1.12,0.37
-0.48,0.89
-0.03,-0.33
-1.17,0.76
-0.93,0.26
1.12,-0.42
1.30,-0.45
-1.12,0.37
-0.70,-0.59
1.35,-0.60
1.32,-0.08
-1.21,0.57
-0.06,0.96
0.86,-0.58
-0.33,-1.25
0.46,0.35
-0.60,-0.43
-0.58,0.46
1.07,0.23
-0.24,-0.00
0.98,0.48
1.14,0.21
0.77,0.96
1.13,-0.16
0.34,0.42
0.35,0.25
0.82,-0.32
1.03,-0.22
0.62,-0.66
-0.82,0.45
0.64,-0.39
-0.90,-0.40
-0.17,-0.46
0.72,-0.24
0.21,0.73
0.42,0.28
0.86,-0.47
1.36,-0.23
1.31,-0.45
-0.34,0.14
-0.31,0.48
0.88,-0.04
-0.92,0.01
0.41,1.50
-0.15,-0.08
-0.36,-0.73
0.67,-0.20
1.35,-0.60
1.16,-0.57
1.34,-0.34
0.85,-0.83
-0.52,0.90
-0.73,0.01
0.36,-0.57
-1.12,0.37
-0.04,0.02
0.88,-0.04
0.83,0.11
0.98,0.48
-0.66,0.78
-0.85,0.29
-1.13,-0.01
0.72,-0.48
-1.12,0.37
-1.07,0.48
1.03,-0.22
-0.75,0.83
-0.57,0.82
1.16,-0.57
-1.07,0.48
-0.98,0.28
0.62,-0.66
0.10,0.27
-0.73,0.54
1.35,-0.60
-0.62,0.71
-0.34,0.14
1.05,-0.40
-0.64,-0.19
0.43,-0.02
0.07,0.45
1.13,0.21
-1.08,0.22
0.17,0.80
1.05,0.16
-0.71,-0.51
0.84,0.48
0.62,-0.05
1.03,0.46
-0.00,0.10
0.83,-0.05
-0.66,0.04
0.61,1.38
1.30,-0.21
-0.58,0.71
1.30,-0.08
1.35,-0.60
0.86,-0.46
-0.21,0.05
0.79,-0.69
0.14,-0.49
-1.12,0.53
-0.26,-0.37
-1.13,0.26
1.13,-0.05
1.14,0.21
1.35,-0.60
-0.88,-0.03
-0.44,-0.15
1.26,-0.06
0.23,0.17
0.15,-0.11
-0.09,1.15
-0.58,0.71
-0.28,0.07
-0.46,-0.90
-0.40,0.69
0.16,-0.92
0.82,0.81
1.04,0.05
0.48,-0.44
-0.05,-0.28
-0.51,-0.88
0.77,0.96
-0.35,-0.12
0.60,1.12
1.08,-0.14
1.04,0.64
1.25,-0.43
0.07,0.96
-1.21,0.57
-1.08,0.55
-1.21,0.57
1.30,-0.45
-0.93,0.50
-0.64,-0.19
-0.32,-0.99
-0.83,0.08
1.37,0.04
0.17,-0.44
-0.15,-0.09
1.35,-0.60
-0.84,-0.01
0.57,-0.64
-0.72,0.54
1.17,-0.20
1.27,-0.13
-0.90,0.32
-0.35,-0.12
0.37,-0.04
1.24,0.39
-0.39,1.06
0.15,-1.05
-0.47,0.92
-0.43,0.74
0.34,-0.13
1.31,-0.19
0.20,0.33
-0.28,0.23
0.13,-0.74
-0.11,0.36
0.19,0.07
0.09,0.31
-0.63,0.60
0.52,-0.15
0.54,0.56
-0.72,0.54
-0.33,-0.08
-0.37,-1.10
-0.31,-0.14
-0.21,0.11
0.78,-0.37
-0.80,-0.61
-0.16,0.91
-0.37,-1.10
-0.36,0.29
-0.16,-0.55
1.12,-0.42
0.09,-0.85
-0.43,0.38
0.14,-0.63
1.02,0.09
0.82,-0.41
-0.39,0.55
-0.16,-0.15
-0.34,0.14
-0.45,0.09
-0.85,-0.22
0.03,0.64
-0.92,0.12
-0.80,-0.61
-0.65,0.05
-0.89,-0.40
-0.62,-0.38
0.82,0.32
0.41,0.22
0.85,0.49
-0.12,0.09
0.12,0.41
-0.22,0.52
0.01,-0.16
-0.34,-1.26
0.85,-0.47
0.83,-0.15
0.74,-0.21
-0.37,-1.10
0.94,-0.05
0.57,0.80
0.35,-0.47
-0.55,0.16
-0.22,-0.07
0.07,0.80
0.09,0.51
0.28,0.26
0.19,0.07
-0.22,0.15
0.76,0.58
-0.12,0.09
0.07,0.07
0.35,0.14
1.12,-0.42
0.49,-0.14
0.56,0.83
1.03,0.01
0.55,1.29
0.35,0.14
-0.13,-0.28
-0.26,0.67
-0.60,-0.34
1.07,0.49
0.00,0.03
0.85,-0.84
0.21,-1.07
-0.65,-0.39
-0.37,-1.10
-0.74,0.23
1.35,0.10
0.52,0.13
0.11,-0.56
0.62,-0.03
-0.17,-0.46
-0.36,-0.84
-0.36,-0.73
0.36,0.51
-0.62,-0.98
0.19,-0.38
0.42,0.04
-0.83,-0.09
0.58,-0.61
1.36,-0.34
-0.37,0.17
-0.01,1.17
1.30,-0.45
1.35,-0.60
-0.14,-1.28
-0.43,0.70
0.18,-0.44
-0.15,0.24
-0.17,-0.13
-0.64,0.15
1.29,-0.45
1.32,-0.08
-0.08,0.95
0.36,0.66
-0.35,-0.12
-0.08,-0.20
-0.23,-0.37
-0.44,-0.15
0.60,1.12
-0.79,-0.24
0.89,0.67
0.75,0.58
0.20,0.10
-0.73,0.09
0.56,0.94
-0.01,1.41
-0.07,0.07
-0.12,0.09
-0.36,0.11
1.12,-0.42
-0.25,-0.29
0.06,0.94
0.14,0.87
0.61,0.28
1.12,-0.16
-0.10,0.09
-0.43,0.35
0.02,0.89
0.25,0.81
0.57,1.20
0.15,-0.02
0.61,1.39
-0.58,-0.53
-0.36,-0.73
-0.29,-1.07
0.53,0.14
-0.43,0.70
-0.33,-1.25
0.09,-0.85
-0.20,-0.40
-0.20,-0.31
1.14,0.21
-0.90,-0.07
-0.42,0.23
0.62,-0.66
0.45,-0.28
-0.37,-1.10
0.66,-0.48
1.11,-0.43
1.13,-0.16
0.98,0.74
0.30,0.53
-0.15,-0.09
0.55,0.91
1.22,-0.24
0.36,0.67
-0.12,-0.28
1.03,0.35
-0.12,-0.28
0.36,-0.47
-0.93,0.27
0.92,0.26
0.58,0.13
1.37,-0.42
0.85,0.49
1.03,-0.22
1.35,-0.60
0.09,-0.85
1.30,-0.45
1.11,-0.55
-0.93,0.15
0.36,0.66
0.85,-0.71
1.03,-0.22
0.74,-0.65
-0.02,1.14
0.63,-0.16
1.07,0.64
-0.37,-1.10
-0.66,-0.65
-0.36,-0.84
0.81,-0.69
1.12,-0.42
-0.37,-1.10
-1.07,0.48
-1.13,-0.01
-1.09,-0.16
-0.82,0.18
1.16,-0.24
-1.16,0.42
-0.25,0.67
0.26,0.60
1.13,-0.05
-0.94,-0.11
-0.13,-0.28
-0.82,0.18
0.88,0.56
-0.38,0.34
-0.62,-0.72
-0.07,0.07
0.67,-0.22
-0.44,-0.26
0.05,1.30
-0.65,-0.39
-1.20,0.84
0.60,1.12
-0.66,-0.65
-0.36,-0.36
0.46,1.35
-1.17,0.39
-0.19,-1.13
0.14,-0.36
-0.12,0.09
0.38,0.33
-0.62,-0.80
0.51,1.33
0.27,0.48
0.08,-0.98
0.60,1.12
0.51,1.33
0.78,1.09
0.56,0.94
0.78,0.99
0.86,0.29
1.12,-0.42
-0.80,-0.61
1.05,0.42
1.13,-0.05
-0.90,0.07
-0.62,0.61
-1.12,0.37
0.04,-0.42
0.60,1.12
-0.62,-0.80
0.03,0.75
0.63,0.60
-1.01,0.47
0.06,-0.49
-0.83,0.33
-1.01,0.47
-0.38,-1.11
-0.46,-0.31
0.63,-0.76
-0.37,-1.10
0.31,0.19
0.57,0.57
-0.24,0.40
0.63,-0.40
1.30,-0.45
0.06,0.94
-0.25,0.45
0.41,-0.09
-0.83,0.33
0.64,0.14
0.16,-0.45
-0.25,-0.38
1.11,-0.55
-1.12,0.53
1.16,-0.57
0.35,0.48
1.12,-0.42
-0.17,0.75
-0.17,0.75
-0.23,0.12
-0.20,0.30
0.37,0.94
0.55,0.91
1.04,0.05
0.85,-0.14
-0.26,-0.34
-0.10,0.52
-0.66,-0.65
-0.25,-0.38
-0.56,-0.47
0.84,0.11
0.78,1.09
0.89,0.67
-0.46,-0.90
0.39,0.25
-0.13,-0.28
-1.03,0.46
-0.37,-1.10
-0.37,-1.10
-1.11,0.64
-0.53,0.20
-0.33,-1.25
-0.66,-0.65
-0.72,0.19
-1.11,0.90
0.51,-0.03
-0.92,0.52
-0.57,-0.16
0.66,0.51
-0.76,0.23
-0.20,0.30
1.03,-0.22
0.70,0.93
-0.03,1.40
0.30,0.55
-0.80,-0.61
0.16,0.43
1.12,-0.42
0.13,-1.00
-0.38,0.43
-0.42,-1.05
1.12,-0.42
-0.46,-0.53
0.59,0.75
0.51,-0.14
0.18,-0.44
0.65,-0.12
-0.37,-1.10
-0.95,-0.12
-0.38,-1.11
-0.62,-0.47
1.13,-0.16
-0.20,-0.05
0.47,-0.57
-0.39,0.06
0.61,1.38
0.11,1.15
0.59,-0.10
0.01,-0.27
-0.37,-1.10
-1.08,0.11
0.11,1.15
-1.22,0.20
-0.45,-0.52
0.85,-0.84
-0.91,0.38
1.30,-0.45
-0.21,-0.40
-0.36,-0.73
-0.66,-0.65
-0.82,-0.28
1.14,0.21
-0.37,-1.10
-1.09,0.11
0.46,1.00
-0.64,-0.19
-1.12,0.26
0.65,0.22
0.03,-0.57
-0.16,1.39
1.16,-0.49
-1.11,0.63
-0.76,-0.52
0.08,-0.59
-0.25,-0.29
-0.39,-0.19
-0.20,-0.40
-0.15,-0.46
0.60,1.13
-0.99,0.28
-0.66,-0.33
-0.41,0.31
-0.48,0.14
-0.02,-0.57
-1.14,-0.01
0.19,0.07
-0.04,-0.81
0.53,-0.46
-0.19,-0.02
1.30,-0.45
0.48,1.24
-0.24,0.08
-1.03,0.09
-0.66,0.78
-0.80,1.25
-0.65,1.16
-0.83,0.08
0.16,0.35
0.01,-0.27
-0.30,-0.14
0.93,-0.32
-0.62,-0.40
0.19,0.07
0.08,-0.04
0.19,0.07
-0.57,1.09
-0.10,0.52
0.19,0.07
-0.63,0.33
-0.53,0.56
-0.24,0.08
-0.63,0.50
-0.15,0.05
-0.18,-0.03
-0.66,-0.65
-0.39,-0.02
0.09,-0.22
0.56,0.83
-0.66,-0.65
0.03,-0.83
-0.58,-0.62
0.50,-0.07
-0.65,-0.57
-0.08,-0.20
0.74,0.50
-0.37,-1.10
0.37,1.21
0.19,0.07
-0.35,-0.12
-0.35,-0.12
0.67,1.13
-0.37,-1.10
-0.16,1.02
-1.02,0.69
-0.37,0.25
0.10,0.57
0.38,1.21
-1.12,0.37
-0.33,-1.25
1.14,0.21
-0.70,0.68
0.31,-0.89
0.09,-0.85
-0.64,0.15
0.09,-0.85
-0.11,-0.12
1.05,0.42
-0.02,1.14
0.88,0.56
-0.64,-0.19
0.40,-0.24
0.61,1.38
-0.20,-0.14
-0.61,-0.12
0.30,-0.07
-0.47,-0.93
-0.62,0.36
-0.57,1.09
-0.77,0.42
0.21,0.62
-0.35,-0.12
-0.91,0.65
-0.82,0.18
-0.57,0.61
-0.35,-0.12
0.19,-0.41
-0.11,-0.48
-0.35,-0.12
-0.84,0.07
-0.37,-1.10
-0.37,-1.10
-0.71,0.57
-0.35,0.14
-0.47,-0.59
-0.65,-0.30
-0.37,-1.10
0.30,-0.07
0.37,1.05
0.57,1.44
-0.66,-0.65
-0.02,-0.04
0.28,-0.61
-0.33,-1.25
-1.21,0.57
-0.89,-0.15
-0.66,-0.49
-0.80,-0.61
0.31,0.70
-0.70,-0.51
0.56,1.02
0.10,0.53
-0.30,-0.14
0.12,-1.00
-0.76,0.12
-0.84,-0.46
0.31,-0.30
0.07,1.20
-0.98,0.28
0.85,0.38
0.66,-0.68
1.20,-0.28
1.12,-0.42
-0.29,0.49
0.11,-0.90
-0.35,-0.12
0.92,0.15
0.42,0.75
-0.20,-0.31
1.04,0.05
-0.05,0.73
-0.37,-1.10
0.56,0.94
0.39,0.43
0.86,0.75
-1.12,0.26
-0.79,-0.34
-0.94,0.50
-0.31,-0.14
0.18,0.07
-0.35,-0.12
-0.62,0.71
-0.30,-0.14
-0.68,0.51
-0.66,0.89
-0.04,1.13
-0.20,-0.31
0.19,0.07
0.32,0.48
0.29,-0.10
-0.41,-0.33
0.19,0.07
0.19,0.07
-1.04,0.06
-0.75,-0.05
-0.84,-0.46
0.22,0.25
0.37,1.58
0.07,0.07
-0.37,-1.10
0.63,-0.40
-1.12,0.37
-0.37,-1.10
-0.37,-1.10
-0.56,-1.00
-0.32,-0.99
-0.25,-0.29
-0.65,-0.57
-0.37,-1.10
-0.37,-1.10
-1.08,0.22
-1.04,0.06
-0.82,0.18
-0.45,-0.01
0.66,-0.68
-0.20,-0.44
0.41,0.22
-0.35,-0.12
-0.12,0.09
-0.76,-0.47
-0.37,-1.10
-0.37,-1.10
0.11,0.79
-0.76,-0.48
1.08,-0.10
-0.14,0.05
-0.37,-1.10
-0.60,0.52
0.57,-0.35
-0.88,0.11
1.12,-0.42
-0.37,-1.10
-0.47,-0.59
0.09,-0.85
-0.66,-0.65
-0.15,-0.06
1.12,-0.42
0.21,-0.72
-0.56,-1.00
-0.70,-0.26
-0.19,-1.13
0.36,-0.68
1.12,-0.42
0.09,-0.85
1.13,-0.16
1.07,-0.06
1.12,-0.42
0.44,-0.65
-1.09,0.11
-0.60,0.55
1.12,-0.42
0.86,0.75
-0.13,0.81
-0.37,-1.10
0.81,-0.69
-0.54,-0.01
-0.00,0.17
0.61,0.79
0.07,0.60
-0.39,-0.20
-0.84,-0.21
0.33,1.10
0.38,-0.27
-1.20,0.84
-0.88,0.37
0.16,-0.82
-1.13,0.13
-0.58,-0.53
-0.64,0.57
1.03,0.46
1.11,-0.34
0.94,0.29
-0.23,-0.74
0.57,-0.30
0.31,0.30
0.93,-0.32
0.42,-0.56
1.02,0.09
0.30,-0.07
-0.63,0.33
-0.42,-1.08
0.37,0.04
-0.19,-1.13
1.12,-0.42
0.84,0.11
-0.43,0.74
0.07,-0.41
1.12,-0.42
0.71,-0.52
1.16,-0.57
-0.69,0.26
-0.59,0.45
-0.66,0.51
0.58,-0.38
0.04,0.53
1.16,-0.57
0.84,0.11
-0.26,0.19
1.16,-0.49
0.01,-0.15
0.84,0.11
1.35,-0.60
1.02,0.09
-0.31,-0.27
0.33,-0.04
0.84,0.11
1.16,-0.57
0.62,-0.66
-0.75,0.47
0.35,-0.95
-0.79,-0.34
0.36,-0.57
-0.39,-0.20
-0.35,-0.12
0.53,0.46
0.93,-0.32
-0.04,0.61
-0.63,0.33
-0.48,0.14
-0.63,0.34
0.85,0.40
-0.46,-0.56
0.11,0.79
-0.46,-0.90
0.06,0.94
1.04,0.38
-0.37,-1.10
0.13,-1.00
-0.58,0.62
0.75,0.66
0.43,1.43
-0.42,-0.70
0.68,-0.44
0.64,-0.03
-0.34,0.25
-1.20,0.84
-0.46,-0.56
-0.65,-0.30
0.95,0.60
-0.30,-0.14
0.57,1.20
0.80,0.35
0.85,0.40
0.11,1.15
-0.12,-0.46
1.02,-0.25
0.62,-0.40
0.10,-0.08
-0.93,0.15
-1.22,0.46
-0.93,0.15
0.43,-0.03
1.14,0.21
-0.66,0.78
-0.15,1.39
0.63,-0.29
1.05,0.42
1.00,0.44
1.13,-0.16
0.77,0.96
-0.18,0.63
1.12,-0.42
-0.37,-1.10
-0.80,0.26
-0.66,-0.65
-0.33,-1.25
-0.62,-0.72
0.16,-0.92
-0.19,0.11
1.13,-0.16
0.09,-0.59
-0.37,-1.10
-0.60,-0.43
-0.60,-0.34
-0.33,-1.25
-0.47,-0.93
0.16,-0.92
-0.94,-0.11
-0.33,-1.25
-0.90,-0.26
-0.37,-1.10
-0.37,-1.10
-0.38,-0.86
-0.16,-0.22
-0.65,-0.28
0.66,0.67
-0.36,-0.73
0.16,-0.92
-0.84,-0.20
-1.12,0.37
-0.61,0.74
-1.12,0.37
-0.37,-1.10
-0.64,0.10
-0.65,-0.30
0.09,-0.85
-0.32,-0.99
0.13,-1.00
-0.67,0.65
0.59,-0.34
-1.13,-0.00
-1.12,0.37
-0.76,0.46
-0.24,-0.03
-0.65,-0.56
-0.64,-0.19
-0.54,0.41
0.08,-0.60
1.14,0.21
0.84,0.29
1.35,-0.59
1.14,0.21
0.54,0.48
-0.19,0.73
0.61,1.39
0.13,-0.29
0.15,-0.82
-0.07,-0.66
0.07,0.96
-0.13,0.81
-0.14,-1.28
-0.63,0.34
-0.90,-0.26
-0.94,-0.11
-0.20,-0.40
1.35,-0.59
1.16,-0.24
0.62,-0.66
-1.11,0.63
-0.90,0.07
-0.76,0.79
0.85,0.66
-0.97,0.32
-1.24,0.16
-1.08,0.22
-0.98,0.03
-0.41,-0.10
-0.18,0.89
-0.46,-0.90
-0.37,-1.10
1.16,-0.57
0.65,-0.50
0.79,0.17
1.12,-0.42
-0.33,-1.25
-0.20,0.12
1.16,-0.24
0.11,-0.78
-0.37,-1.10
-0.47,0.41
1.12,-0.42
0.06,0.59
-1.12,0.26
-0.51,0.48
-0.93,0.15
-0.72,0.53
-0.37,-1.10
0.09,-0.85
-0.37,-1.10
0.17,-0.66
0.83,0.95
0.62,-0.66
-0.43,0.96
-0.37,-1.10
-0.07,0.59
-0.40,0.27
-0.46,-0.90
0.17,-0.66
-0.94,-0.34
-0.12,-0.38
0.04,-0.79
-0.08,-0.62
-1.08,0.22
-0.33,-0.66
-0.34,-0.92
0.90,0.52
1.04,0.38
1.04,0.05
-0.58,0.55
-1.13,0.36
-1.12,0.37
-0.05,-0.63
-0.13,0.81
-0.52,0.60
-0.82,0.18
-0.71,-0.63
-0.65,-0.57
-0.36,-0.84
0.17,-0.55
-0.45,0.47
-0.39,0.45
1.21,-0.02
-0.53,0.25
0.16,0.35
0.07,0.70
-0.67,0.76
0.22,-0.69
-1.04,0.29
-0.75,-0.11
-0.16,1.02
-0.66,0.51
-0.28,-0.81
-0.42,-1.08
-1.07,0.38
0.62,1.15
-0.82,0.18
-0.66,0.78
-0.51,-0.77
-0.65,-0.57
0.83,-0.15
-0.41,-0.71
-0.63,0.33
-0.34,0.25
-0.11,-0.01
0.06,-0.74
-0.36,-0.73
-0.66,-0.69
0.16,-0.92
-0.54,-0.01
1.35,-0.60
-0.56,-1.00
0.01,0.44
-0.40,0.07
0.82,-0.52
-0.66,0.51
0.08,-0.71
-0.36,-0.84
-0.66,-0.65
-0.16,-0.14
-0.15,0.50
-0.44,-0.18
-0.24,0.08
-0.30,-0.14
-0.53,0.36
-0.63,0.33
0.38,-0.27
0.89,0.93
-1.12,0.37
1.13,-0.05
-0.65,-0.28
-0.20,-0.31
1.13,-0.05
-0.56,-0.99
0.09,-0.85
-0.07,-0.35
-0.72,0.19
-0.58,0.31
-0.29,-0.13
-0.55,0.03
-0.30,0.10
-0.92,0.04
-0.66,-0.49
-0.59,0.79
-0.37,-1.10
-0.14,-0.26
-0.00,-0.64
0.17,-0.55
-0.63,0.33
-0.35,0.89
-1.00,0.50
-0.33,-1.25
-1.12,0.53
0.00,1.05
-0.93,0.26
0.58,-0.61
0.12,0.48
-0.39,-0.02
0.13,-0.87
-0.12,-0.33
0.84,0.64
0.17,-0.66
-0.46,-0.90
-0.66,-0.65
-0.43,-0.83
0.35,-0.95
-0.66,0.78
-1.06,0.75
-0.58,0.71
-0.65,-0.28
0.05,-0.46
-0.37,-1.10
-0.37,-1.10
-0.05,-0.28
0.16,-0.92
0.19,0.07
-0.25,-0.29
-0.69,-0.22
0.20,0.33
-0.43,0.09
-0.37,-1.10
-0.13,0.84
1.12,-0.42
-0.20,-0.40
-0.37,-1.10
-0.46,-0.90
-0.37,-1.10
-0.37,-1.10
-0.37,-1.10
-0.70,-0.26
-0.12,-0.47
-0.20,0.27
-0.37,-1.10
-0.34,0.14
-0.33,-0.66
-0.37,-1.10
0.16,-0.92
-0.57,0.58
-0.71,-0.54
-0.35,-0.12
-0.35,-0.12
0.57,-0.38
-0.34,-1.26
-0.26,0.04
-0.92,0.12
-0.36,-0.84
-0.37,-1.10
-0.75,-0.45
-0.21,-0.26
-0.24,0.08
-0.60,0.83
-0.59,-0.57
-0.81,0.87
0.21,-1.07
-0.21,-0.40
-0.00,-0.64
-0.52,0.46
-1.13,0.26
-0.66,0.78
-0.63,0.33
-0.63,0.70
0.41,1.39
-1.11,0.90
-0.25,-0.29
-0.35,-0.12
0.19,0.07
-0.32,-0.17
0.09,-0.85
0.15,0.12
0.72,0.20
0.63,1.10
-0.04,0.34
1.17,0.80
0.68,0.64
0.89,-0.01
0.97,-0.39
0.96,0.64
-0.43,0.92
1.17,0.80
0.61,0.70
0.94,1.09
0.66,0.77
0.61,0.34
-1.52,-0.16
-1.03,0.63
-0.62,-0.18
0.96,-1.44
-0.05,-1.82
0.08,-1.57
-1.45,0.32
-1.31,-0.28
0.07,-1.17
0.81,-1.47
1.01,0.48
1.02,0.58
-1.35,0.17
1.17,0.26
-1.80,0.71
-0.14,-0.16
1.02,-0.03
0.71,0.11
1.17,0.80
0.11,-1.58
-0.13,-0.49
0.76,-1.13
-0.11,-0.48
0.91,-0.90
1.23,-0.96
0.45,-0.46
1.08,-0.24
0.96,-1.15
0.56,0.13
0.77,-1.10
0.78,-1.04
0.83,0.20
0.80,0.74
0.35,0.74
-1.87,0.10
-1.52,0.13
1.09,-1.15
0.45,0.77
0.60,1.01
-1.40,-0.66
-1.07,0.16
1.02,0.58
-1.64,-0.21
-1.74,0.22
-1.44,0.24
-1.85,-0.32
-1.84,0.47
-0.06,1.07
0.27,-1.44
0.46,-1.53
1.10,-1.13
-0.74,0.45
0.36,-0.35
0.96,0.64
-1.69,0.20
0.80,0.32
0.77,-0.05
-0.94,-0.65
-1.00,0.61
-1.36,-0.12
-0.47,0.20
-1.42,0.12
0.68,0.61
-1.47,-0.33
-1.13,-0.22
-0.66,0.68
-1.27,0.41
-0.92,-0.19
-1.10,-0.16
-1.39,0.15
1.02,0.58
0.31,1.10
0.98,1.03
1.15,0.68
1.17,0.80
-0.79,-0.80
0.18,0.71
0.87,-0.39
-0.69,-0.04
0.36,-0.14
0.44,-0.61
-0.25,-0.80
0.57,0.46
0.06,-0.45
0.57,0.46
0.68,-0.24
0.86,-0.43
0.42,-0.72
-0.02,-0.47
0.52,-0.61
-0.23,-0.30
0.02,0.24
-0.51,-0.01
0.40,-0.33
0.29,0.09
-0.08,0.18
-0.47,0.37
0.78,-0.31
-0.94,1.51
0.95,0.13
0.10,0.00
-0.37,0.43
-0.25,0.23
0.16,0.48
0.68,-0.24
0.95,0.13
-0.08,0.40
-0.46,0.51
0.60,0.26
-0.87,-0.95
-0.38,-0.27
0.70,-0.13
0.79,-0.45
-0.10,-0.79
0.78,0.36
0.22,-0.90
-0.22,0.77
-1.22,1.32
0.01,0.78
-0.46,0.51
1.04,0.04
0.88,0.32
0.51,0.62
0.08,0.69
-1.94,0.07
-1.96,-0.42
0.17,0.67
-1.66,-0.29
0.16,0.45
0.87,0.40
0.41,0.61
-0.56,0.40
-1.63,-0.43
-2.13,-0.44
-1.74,-0.27
0.87,0.15
0.14,0.90
-1.88,-0.78
-0.85,1.53
0.07,0.83
0.18,0.59
-0.93,1.55
0.94,0.04
0.95,0.13
0.56,-0.04
0.36,-1.42
0.86,-0.43
0.68,-0.24
1.04,0.04
0.95,0.13
0.77,-0.35
0.75,-0.44
0.53,-0.57
0.78,-0.39
-1.09,-1.31
-0.25,-0.59
-1.69,-0.29
-0.76,-0.21
-1.42,-0.31
0.56,-0.04
0.71,-0.22
-1.82,-0.30
0.72,-0.49
0.03,-0.20
0.08,-0.40
0.32,-0.03
0.95,0.14
1.21,0.32
0.91,0.10
0.71,-0.28
0.75,0.00
0.93,0.03
0.68,-0.27
0.75,0.07
-1.47,-0.82
1.21,0.32
-0.13,-1.02
0.93,0.00
1.21,0.32
0.62,0.30
0.72,-0.39
0.58,0.12
0.30,-1.05
0.93,0.43
0.58,0.12
0.53,0.14
-1.50,0.25
-1.56,-0.15
-1.77,0.80
0.67,-0.35
0.59,-0.09
0.40,-0.54
1.07,0.01
-1.57,0.35
1.27,0.32
-1.88,-0.20
1.21,0.32
1.09,-0.14
-1.00,0.04
-0.17,-0.62
1.18,0.26
0.95,0.55
1.03,-0.13
1.21,0.32
0.72,-0.39
-1.88,0.25
0.15,-1.01
0.89,0.17
0.74,-0.43
0.46,-0.19
-1.38,0.84
-1.76,0.12
-0.99,0.62
-0.03,-1.39
1.21,0.32
1.21,0.32
1.21,0.32
0.80,-0.44
0.62,-0.26
1.21,0.32
0.65,0.16
-0.13,-0.88
-1.16,-0.62
-1.88,0.69
-2.05,0.28
-0.63,0.40
-1.79,-0.09
-0.50,-1.11
-1.59,1.52
-0.68,-1.48
-0.01,-1.22
-0.80,0.73
-0.17,-0.67
0.01,-1.32
0.97,0.66
-0.07,0.05
-0.03,0.99
0.42,1.09
0.04,0.32
-0.10,1.66
0.79,0.21
-0.89,-0.09
-0.08,0.49
0.97,0.60
-0.29,-0.95
-0.25,0.16
-0.16,-0.73
-0.37,-1.22
-1.95,-0.23
-1.57,0.95
-1.58,-0.10
-2.45,0.17
-1.28,0.26
-0.66,-0.56
1.21,0.32
0.72,0.74
0.99,0.44
0.75,0.45
0.63,-0.07
1.75,0.33
1.13,0.77
0.99,-0.19
0.56,0.17
0.27,-1.47
0.15,-0.90
-0.32,-1.17
1.67,0.84
0.18,-0.90
1.05,-0.07
0.61,1.17
-0.58,-0.93
1.03,1.31
0.02,-0.21
0.60,0.61
0.98,0.01
0.76,0.15
0.04,-1.32
0.33,-0.92
-1.47,-0.18
-1.28,0.12
-0.74,0.17
-1.31,0.52
1.51,0.07
-1.31,0.65
0.73,0.46
-1.24,-0.11
1.00,-0.05
1.23,0.08
1.66,0.75
0.27,-1.32
-0.20,-0.97
0.58,-0.72
0.13,-0.79
0.27,-1.47
-0.39,-0.47
0.83,-0.36
1.16,0.80
-0.08,-1.21
0.98,0.74
0.85,0.39
-1.87,0.43
1.11,0.35
0.98,0.47
-1.63,0.74
-1.64,0.28
-0.22,-0.06
0.60,-1.14
-1.60,0.21
-1.41,0.59
-1.64,0.28
-1.20,0.00
-0.49,0.04
-1.54,0.18
-1.63,0.74
-1.31,-0.15
1.75,0.33
0.71,0.20
-1.57,-0.39
0.90,0.06
1.19,0.77
1.17,0.77
-0.08,-1.21
0.17,-0.51
0.97,0.45
0.97,0.45
1.29,-0.22
0.74,-0.74
0.89,0.06
-1.64,0.71
0.15,-0.02
-1.19,0.90
-1.40,1.00
-1.54,0.18
-0.76,0.05
1.10,0.37
0.40,-0.62
-1.13,-0.14
-1.40,0.54
-0.89,0.64
-0.84,-0.52
-1.05,-0.65
0.13,-1.02
0.16,-1.01
-1.12,0.30
-0.55,1.00
-0.81,0.11
1.50,-1.11
-1.26,0.08
-0.63,0.44
1.65,-0.51
-1.04,-0.48
1.38,-0.89
1.06,-1.00
1.03,-0.67
-1.27,-0.12
-0.74,1.01
-1.62,-0.00
0.67,0.52
0.72,1.05
0.99,0.15
-0.51,0.19
1.22,0.64
1.00,0.26
0.80,0.30
-0.63,-0.48
-0.62,0.11
-1.04,0.30
0.21,-0.22
0.96,-0.00
0.94,0.90
-1.43,-0.43
0.70,0.49
-1.49,-0.43
1.13,0.42
0.31,-0.93
0.57,0.21
-0.64,0.34
-1.35,0.38
-1.00,-0.40
-1.17,-0.59
-1.18,-0.29
0.50,-1.30
0.75,0.57
1.38,0.42
0.15,0.19
0.89,0.64
1.44,0.29
0.64,0.15
0.48,0.64
0.71,1.06
-1.04,-0.73
-0.90,0.16
-1.21,-0.11
-0.83,-0.35
-0.66,0.57
-1.62,-0.00
-1.27,-0.13
-0.91,-0.03
0.86,-1.22
-0.81,0.04
0.78,-0.79
0.19,-1.12
-1.62,-0.00
-0.50,0.03
-1.35,0.38
-0.53,0.11
-0.82,-0.24
1.49,-1.04
-0.28,0.42
-1.26,0.08
-1.19,-0.48
0.91,-0.36
0.78,-0.86
0.08,0.23
0.47,0.79
0.22,0.55
0.48,0.13
-0.20,0.71
0.17,0.29
0.89,0.64
-0.21,0.29
0.08,1.36
-0.23,0.27
1.09,-0.97
-1.28,0.08
-0.33,0.25
0.88,0.70
0.55,-0.69
0.42,-0.93
0.65,0.83
-0.28,-0.75
0.87,-0.42
0.94,0.75
0.18,0.15
0.31,1.11
-0.11,-1.57
-0.18,0.24
0.47,-0.41
0.01,0.35
0.55,-0.46
0.33,0.24
-0.10,0.47
-0.59,0.90
0.84,-0.43
-0.37,0.51
0.73,-0.38
0.61,0.28
0.39,-0.11
0.03,-0.37
-0.17,0.90
0.41,-0.81
-1.52,-0.97
0.13,0.59
-0.15,-0.35
0.07,-0.06
-0.91,-0.63
0.67,-0.09
0.40,0.01
0.55,-0.46
0.48,-0.46
0.82,-0.44
-0.75,-0.21
-0.97,-0.10
0.47,-0.68
0.39,-0.16
0.56,-0.03
0.15,-0.29
0.07,1.05
0.64,0.08
-0.59,0.07
-0.01,0.55
0.72,-0.50
0.23,0.65
0.23,1.19
0.58,0.27
-0.17,0.59
0.13,-0.10
-0.68,-0.76
0.41,0.43
0.24,-0.12
0.14,0.13
0.41,0.43
0.60,0.18
0.43,0.74
0.43,0.74
-0.55,-0.39
-0.93,-1.09
-1.49,-1.07
0.43,0.74
0.42,0.62
-0.83,-0.89
-1.59,-0.91
-1.73,0.17
0.08,0.84
0.41,0.43
0.35,0.44
0.20,0.08
0.62,-0.28
-0.41,0.88
0.37,-0.62
0.16,0.01
-1.26,0.47
-0.39,0.91
0.72,-0.50
-1.72,0.55
0.39,-0.70
0.17,-0.77
0.88,-0.57
-1.84,-0.52
0.73,-0.38
0.31,-0.52
-0.07,-0.76
0.82,-0.44
0.86,-0.43
-0.36,0.77
0.27,-0.54
-0.05,0.69
-0.07,-0.32
0.69,0.03
0.14,0.01
-0.31,-0.72
0.91,-0.44
-1.41,0.36
-1.98,0.56
-0.15,1.41
0.07,0.66
-0.59,0.03
-0.51,1.27
-1.27,0.83
-0.55,0.68
-0.70,1.42
-0.70,1.42
-0.89,0.28
-0.57,-0.25
-1.34,0.24
1.35,-0.14
-1.34,-0.57
1.08,0.02
-0.77,-0.20
-0.96,-0.05
-0.77,-0.20
-0.83,-0.34
-1.09,-0.72
-0.69,0.55
0.02,-0.32
-0.93,-0.62
-0.90,0.14
-1.07,0.20
-0.48,-0.43
-0.48,0.15
-0.78,-0.99
-1.03,-0.52
-0.72,-0.20
-0.22,1.11
-0.53,-0.67
-0.97,-0.38
-0.65,0.22
-0.77,-0.20
-1.14,0.23
0.70,-0.39
0.58,0.01
-1.16,-0.23
-0.77,-0.20
-0.88,-0.52
1.71,-0.25
0.85,-0.43
0.74,-0.74
-0.07,1.30
0.48,-0.88
-0.75,0.72
0.28,1.15
1.65,-0.39
-1.09,-0.24
-0.79,-0.86
-0.77,-0.20
-0.82,0.41
-0.22,-0.40
-0.84,-0.21
-0.45,0.82
0.89,-0.48
-0.56,-0.34
-0.31,0.23
1.37,-0.13
1.32,0.49
0.76,-0.02
1.38,0.49
1.43,-0.13
1.02,0.60
1.65,-0.39
0.67,-0.03
1.37,-0.26
1.37,-0.26
0.73,0.16
0.02,-0.86
-0.69,-0.50
-0.43,-0.32
-0.40,0.52
-0.05,-0.46
-0.00,1.31
0.24,0.42
-0.20,-0.61
-0.62,-0.76
-1.27,-0.55
0.28,0.10
0.96,0.60
1.37,-0.13
1.43,-0.13
1.35,-0.12
0.53,0.47
0.70,0.66
0.65,0.13
1.30,0.48
1.43,-0.07
1.37,-0.27
0.67,0.03
1.71,-0.25
0.84,-0.36
-1.71,0.92
-1.24,0.06
1.07,-0.33
-1.63,0.63
-0.77,-0.38
-0.88,-0.89
0.98,0.05
-1.09,0.97
0.70,-0.02
1.00,0.59
-0.43,-1.58
-1.63,0.63
-1.25,0.94
1.16,0.47
1.24,-0.04
1.09,-0.08
0.46,-0.45
1.16,0.47
0.77,-0.19
0.40,-0.36
1.22,0.18
-0.71,-1.05
0.40,0.08
1.16,0.47
-1.23,-0.87
0.20,-0.83
-1.58,0.73
1.20,0.47
1.10,-0.06
0.90,-0.50
-1.89,0.49
-0.52,0.25
0.76,0.13
-0.05,-1.52
0.40,0.12
-0.43,-1.58
0.48,0.31
-1.85,-0.87
-1.74,-0.70
-0.85,-0.10
-1.25,-0.46
-0.75,-0.50
-1.18,-1.24
0.12,0.22
0.84,-0.15
1.08,0.54
1.16,0.47
0.85,0.35
0.78,-0.12
0.79,0.43
-0.78,-1.07
0.56,-0.68
0.86,-0.11
1.16,0.47
1.16,0.47
0.79,0.43
0.60,-0.48
0.44,-0.87
1.15,0.22
1.16,0.47
0.71,-0.08
-1.52,0.55
-1.36,-0.44
-1.30,0.48
0.81,0.10
-0.93,0.71
-0.49,0.54
-0.45,0.32
-0.38,-1.03
0.79,0.43
-0.29,-0.99
0.85,0.35
0.69,-0.85
-0.14,0.26
0.79,0.43
0.79,-0.17
0.20,0.30
0.03,-0.31
-1.89,0.49
0.18,0.44
-1.58,0.73
-0.22,0.94
0.52,0.52
-1.71,0.92
-1.52,0.51
-0.33,0.84
0.91,-0.97
0.15,0.06
-0.09,0.30
0.04,-0.48
1.01,-0.20
-1.84,-0.42
0.62,0.60
0.40,0.33
0.96,0.08
-0.27,0.19
0.06,0.94
0.72,-0.09
-0.35,-0.07
1.01,-0.20
0.40,-0.29
0.34,0.25
-0.34,0.79
0.47,-0.06
0.27,0.03
0.01,-0.12
0.26,0.34
-0.22,-0.59
-0.07,-0.09
0.64,0.55
1.00,-0.33
0.14,-0.26
0.07,0.21
0.88,0.57
-0.36,-0.58
-0.43,-0.82
0.17,-0.22
0.94,0.19
1.01,-0.20
0.20,-0.40
-0.12,0.00
-0.19,1.48
-0.13,0.83
-0.21,0.65
0.88,0.11
0.08,0.45
0.67,1.27
1.02,-0.25
0.67,0.87
0.37,-0.21
-0.07,-0.33
-0.85,0.23
0.95,0.18
0.69,-0.62
0.29,-0.24
-0.42,-0.44
0.04,-0.48
0.47,-0.06
0.39,-0.30
0.62,-0.04
-0.03,-0.05
0.69,-0.40
-0.29,0.09
-0.13,-0.10
-1.09,1.27
1.01,-0.20
0.52,-0.39
1.00,-0.33
-0.35,-0.58
0.29,-0.20
0.46,-0.44
0.11,-0.18
0.41,-0.53
0.43,-0.45
1.01,-0.20
0.11,-1.00
-0.88,-0.71
-1.43,-1.06
-1.74,-0.44
-0.42,-0.47
-0.53,-0.14
-0.94,2.13
-1.00,-0.06
-1.46,-0.13
0.23,0.07
-1.75,-0.41
-1.17,-0.66
0.65,0.10
-0.12,-0.67
0.84,0.30
0.02,0.39
-0.83,-0.86
0.65,-0.33
-1.71,-0.94
-1.04,1.98
-1.67,0.41
-1.40,-0.52
-1.23,1.61
-0.09,1.36
0.02,-1.02
-0.95,-0.01
0.03,0.03
-0.31,-0.68
-0.49,0.16
-0.49,0.16
-0.56,0.07
-0.25,0.48
0.67,0.11
-0.72,0.30
0.70,1.00
-0.95,-0.01
-0.95,-0.01
0.26,0.99
-0.67,0.30
-0.95,-0.01
-0.95,-0.01
-0.56,-0.13
-0.88,0.43
-0.95,-0.01
-0.35,-1.06
1.27,-1.28
-0.95,-0.01
-0.95,-0.01
0.83,0.17
1.56,-1.41
1.39,-0.30
-0.16,0.75
1.04,-0.30
-0.72,-0.29
0.64,0.59
0.51,1.14
1.88,-0.00
-0.56,-0.13
-0.59,-0.89
-0.54,-0.02
0.63,-0.01
0.65,0.28
1.03,0.56
1.18,1.20
0.74,1.00
0.98,1.32
1.75,-0.26
0.46,0.27
1.19,0.74
-0.76,-0.22
0.11,-0.06
-0.02,0.68
-0.71,-0.76
0.41,-1.12
-0.14,0.91
0.01,0.19
-0.02,-0.57
-0.84,-0.44
1.00,-0.39
-0.32,-0.19
-0.95,-0.01
0.47,0.42
-0.66,-0.15
-0.47,-0.00
-0.56,0.07
-0.47,0.18
-0.67,0.30
-0.23,-0.14
-0.18,0.05
-0.08,0.08
-0.91,-0.08
0.63,-0.20
1.09,-0.79
1.08,-0.31
1.59,-0.73
1.40,-0.45
-0.78,-0.29
1.32,0.01
0.04,-0.73
-0.40,-0.29
-0.08,-0.92
-0.02,0.54
-0.84,-0.44
-0.37,0.64
-0.23,0.47
-0.29,-0.35
-0.90,-0.04
0.34,-0.20
-0.08,0.75
-0.64,0.31
-0.25,0.14
-0.01,0.17
0.18,-0.15
-0.75,-0.13
0.99,0.73
-0.53,1.34
-1.53,-0.08
-1.40,-0.38
0.63,-1.02
-1.47,-0.29
-1.53,-0.18
-1.27,0.24
-1.08,-0.41
1.63,0.47
0.64,-1.12
-0.03,-0.91
0.32,-1.05
-0.02,-0.82
-0.69,0.50
-1.07,0.73
-1.46,-0.27
1.19,-0.43
-0.88,0.05
-1.29,0.36
-0.22,-0.18
-0.52,0.27
0.77,-0.36
0.60,0.99
0.77,0.41
1.06,0.06
1.03,0.24
0.91,0.71
1.44,-0.00
0.28,-0.59
0.03,0.25
0.97,0.88
0.06,1.17
-0.88,1.48
1.26,0.61
-0.65,1.46
-1.16,-0.16
-0.40,-0.73
0.28,0.63
0.48,0.87
1.32,0.57
1.24,0.83
0.20,0.82
0.61,0.83
1.70,0.35
-0.36,-0.59
0.38,-1.22
-0.59,-0.12
0.67,-0.72
0.61,-0.68
-0.71,-0.20
-0.50,-0.23
0.38,-1.22
-0.35,-0.73
-0.46,-0.55
0.52,-0.61
-0.02,0.60
0.77,-0.49
1.70,0.35
-1.17,0.10
-1.23,0.28
-0.68,0.41
0.53,-0.56
-0.29,-0.89
0.78,-0.28
-1.07,-0.39
-1.02,0.51
-0.08,-0.58
-0.90,-0.24
0.37,1.36
-0.59,1.31
-0.82,-0.35
0.03,0.27
-0.29,0.24
-0.97,0.30
1.14,-0.30
-0.59,0.42
0.97,-0.96
-1.23,0.28
-0.78,-0.05
-0.93,-0.03
-0.68,-0.70
0.11,0.02
-0.06,-0.30
0.44,-0.00
0.33,-1.03
0.77,-1.34
0.70,-1.20
1.57,0.65
1.26,0.61
0.51,0.34
1.44,0.12
0.97,-0.17
1.66,0.34
1.25,-0.43
0.66,-0.35
0.82,-0.55
1.29,-0.15
1.52,0.12
0.88,0.32
1.44,0.12
0.99,0.07
0.90,-0.35
-1.71,0.16
0.94,0.05
0.78,0.68
0.90,-0.35
0.51,0.43
1.54,0.06
0.89,0.34
0.71,-0.90
-0.71,-0.39
-1.29,-0.25
-1.16,-0.48
-0.96,-1.09
1.51,0.09
1.35,-0.52
1.32,-0.46
1.61,-0.00
1.07,-0.54
1.00,-0.16
0.45,-0.78
-0.80,-0.82
1.54,0.03
1.61,-0.00
-1.67,-0.39
0.91,0.23
1.31,-0.37
0.90,0.10
1.51,0.09
0.86,-1.26
-0.84,-0.85
0.98,-0.77
-1.94,-0.24
-1.28,-0.15
-1.00,0.00
-1.95,-0.26
-0.95,0.02
-1.13,-0.87
-1.16,-0.48
-0.42,0.62
-1.76,0.29
-1.33,-0.66
-0.81,-0.04
-0.55,-0.12
0.51,1.18
-1.60,-0.42
-0.93,0.35
-1.65,-0.25
-0.61,0.04
-1.31,0.63
-1.76,0.29
-1.65,-0.25
-1.39,-0.28
-0.76,-0.08
-1.25,0.19
-0.89,0.20
-0.08,1.25
0.03,-0.89
0.91,0.60
-1.26,0.32
-0.64,1.23
-0.33,1.60
0.29,1.28
0.61,-0.33
-0.03,0.13
-0.68,1.36
0.92,-0.17
0.28,-0.83
1.22,0.23
1.11,-0.35
0.68,0.04
-0.35,1.46
-0.86,1.29
0.30,0.27
-0.32,0.36
0.84,0.62
-1.72,0.13
-0.78,-0.34
-1.95,-0.26
0.12,-0.17
0.53,0.22
0.35,0.10
0.08,-0.03
0.22,-0.26
0.32,-0.22
0.76,-0.25
-0.36,-0.32
0.73,-0.25
-0.76,0.54
0.02,0.14
0.59,1.01
0.65,-0.27
0.59,0.70
-1.67,0.35
-0.22,0.23
0.53,-1.18
-0.55,0.80
-1.70,0.35
0.10,-0.63
0.21,-0.69
-0.06,0.64
-0.06,0.54
0.25,-0.18
0.39,0.36
0.15,0.31
0.06,0.62
0.46,0.31
-0.25,0.70
-0.51,0.85
-0.53,0.37
0.76,-0.74
0.53,-1.18
-0.06,-1.27
0.15,-0.16
0.80,-0.26
0.30,-0.23
-0.51,0.76
-0.38,-0.19
0.42,-1.12
-0.97,0.23
-1.30,0.67
0.59,1.01
0.79,0.55
0.57,0.69
0.58,0.11
0.59,1.01
-1.63,-0.22
-1.32,-0.19
0.77,0.23
0.59,1.01
0.59,1.01
0.51,0.55
-0.76,0.97
0.75,0.07
-0.45,-0.32
-1.12,0.28
-1.29,-0.35
0.59,1.01
0.57,0.69
-0.63,-0.15
0.59,1.01
-0.70,-0.25
-0.16,0.32
-1.29,0.56
0.38,-0.67
0.83,-0.26
0.22,-0.32
0.02,-1.25
-0.77,-0.38
-1.32,-1.16
0.55,-1.18
0.33,0.25
0.22,-0.18
-0.51,-0.70
0.03,-1.16
0.53,-1.18
0.08,-0.46
-0.21,-0.33
0.29,0.61
0.57,0.69
0.46,0.27
-0.28,-0.34
-0.55,-0.19
-0.18,-0.79
0.56,-0.70
0.60,0.20
0.49,-0.69
-0.17,-0.69
-1.04,-0.23
0.56,0.45
0.89,-0.01
0.78,-0.15
-0.29,-0.05
0.68,0.44
0.67,0.27
0.19,-0.43
0.23,-0.33
0.71,-0.09
-0.88,-0.97
0.71,-0.28
0.78,0.52
1.00,0.06
0.96,0.58
0.89,-0.23
-0.88,-0.97
0.78,-0.12
1.20,0.23
0.64,-0.07
1.00,0.06
-1.04,-0.46
0.33,-0.31
-0.49,-0.92
-0.81,-0.34
1.00,0.06
0.89,-0.01
0.92,0.09
-0.09,-0.67
-0.48,-0.74
-1.21,-0.51
-0.30,-0.87
1.00,0.06
1.00,0.06
0.13,1.18
0.89,-0.01
-0.21,-0.58
-0.08,-0.55
-0.88,-0.97
-0.09,-0.80
1.20,0.23
0.21,-0.37
0.89,-0.01
0.78,-0.14
0.92,0.10
1.00,0.06
1.00,0.06
0.31,-0.30
-0.21,-0.67
0.89,-0.00
-0.49,-0.80
-0.08,-0.76
-1.14,-0.17
-0.52,-0.23
-0.88,-0.97
-1.10,-0.69
-0.63,0.35
0.32,-0.54
0.61,-0.39
0.28,0.07
-0.45,0.52
1.03,0.17
0.81,0.63
0.56,0.78
0.99,0.05
0.19,-0.63
0.23,-0.53
-0.62,0.13
-1.65,0.34
-0.49,-0.71
-0.73,0.31
-1.48,1.04
-0.24,-0.06
0.34,1.22
-1.66,0.40
-1.36,0.75
-1.23,0.48
-1.08,0.31
-1.45,0.62
-1.32,0.71
-1.88,0.68
0.11,1.73
0.34,0.34
-1.14,1.45
0.14,0.90
-1.74,0.42
-1.55,0.19
-0.26,0.31
0.63,0.01
0.28,0.36
0.20,-0.33
0.82,0.10
0.76,0.33
0.24,0.38
0.51,0.30
-0.94,0.71
0.54,0.19
1.57,-0.15
1.23,0.43
0.84,0.18
1.57,0.26
1.23,0.25
-1.24,0.82
-0.13,-1.13
-0.15,0.88
-0.00,0.24
-1.13,-0.37
-0.46,-0.45
0.04,0.75
-1.49,0.70
0.33,0.14
-0.15,0.31
-1.32,-0.06
-0.58,0.21
1.29,0.39
0.96,0.63
0.52,1.01
0.28,-0.34
0.47,-0.36
1.06,-0.48
1.26,0.17
1.57,0.26
0.72,-0.26
-0.24,-0.07
1.57,-0.15
0.13,-0.41
0.37,-0.32
1.07,-0.18
1.23,0.25
0.49,0.22
0.59,0.05
1.34,0.64
-0.67,0.36
0.97,0.00
-0.67,-1.80
-1.24,0.82
-1.54,0.34
-1.03,-1.46
-1.72,0.35
-1.54,0.73
0.36,-0.71
-1.79,-0.10
-0.96,-1.68
-1.80,0.61
-0.95,0.53
-1.50,0.49
-0.64,-1.61
0.45,0.70
1.08,-0.00
1.25,0.36
1.03,0.09
1.39,-0.12
0.79,-1.30
1.31,0.11
1.23,0.25
0.82,-0.35
0.56,-0.34
1.07,-0.18
-1.08,-1.35
-0.32,-0.55
-0.47,0.94
-1.03,-1.40
-1.52,0.70
-0.84,-0.64
-1.05,0.77
-0.74,1.36
-1.54,0.75
-0.81,0.55
-0.66,-1.10
-1.29,1.02
-1.38,0.49
-1.46,0.03
-0.03,-0.89
-0.91,-0.89
-0.42,-0.86
-1.98,0.23
-1.23,-1.22
1.57,-0.15
1.32,0.09
1.57,-0.15
1.31,0.11
1.74,-0.16
-1.41,-0.29
-0.74,-0.21
-0.76,0.38
-1.05,-0.65
0.06,-1.18
-0.21,0.74
-1.27,-0.37
-0.79,0.78
-1.41,-0.29
-1.17,-0.23
1.21,0.36
1.74,-0.23
1.20,0.34
1.37,0.27
1.48,0.17
1.07,0.16
-0.29,-0.19
-0.90,0.13
-0.52,0.10
-0.70,0.41
-0.83,-0.53
1.61,0.09
0.97,0.58
1.18,0.14
0.75,0.43
1.64,-0.21
1.08,0.49
-0.46,-0.69
1.62,0.09
1.56,0.23
-1.17,0.36
-0.88,0.45
-0.80,-0.07
-0.80,0.37
-0.63,0.96
-0.92,0.86
-0.55,0.93
-0.55,0.93
-0.92,0.86
-0.88,0.45
1.61,0.09
0.61,0.48
1.31,0.31
1.48,0.17
-1.41,-0.29
-0.50,0.03
-1.36,-0.61
-0.63,0.96
-1.36,-0.61
-0.63,0.96
-1.17,0.36
-0.80,-0.07
-1.17,-0.23
-1.05,-0.57
-0.37,-0.69
-0.19,0.60
-0.92,0.86
-1.12,-0.19
-0.80,-0.41
-0.77,-0.47
-0.39,-0.39
-0.18,0.75
-0.61,-0.69
-1.05,-0.37
-1.08,0.27
-1.06,-0.43
0.18,-1.61
0.49,0.43
0.05,0.24
-0.14,-0.23
0.67,0.30
0.67,0.26
-0.80,-0.07
0.07,-0.42
0.88,-0.25
1.23,0.22
0.57,-0.88
1.15,-0.97
1.38,-0.52
0.80,0.29
1.00,-0.49
0.36,-0.95
1.27,0.30
1.42,-0.87
0.87,0.31
0.99,-0.60
-0.65,-0.02
1.73,-0.01
-0.22,-1.04
0.82,0.16
1.17,0.14
0.76,0.01
1.16,-0.30
-0.17,-0.22
0.76,0.01
-0.53,-1.09
0.81,-0.33
-0.24,0.97
-0.96,-0.75
-0.74,0.99
-0.71,0.33
-0.41,0.78
-0.80,0.36
-0.75,0.30
-0.74,1.01
-0.43,0.18
-0.44,0.09
0.15,-0.04
-0.65,-1.94
-0.85,0.10
-0.60,0.30
0.51,-0.19
0.68,-0.98
0.68,-0.17
1.22,-0.24
-0.48,0.46
1.17,0.14
-0.66,-0.11
-0.31,-0.45
-1.13,-0.02
-0.07,0.33
-1.30,0.38
-0.32,1.10
-0.46,0.67
-0.40,0.65
-1.44,0.15
-1.04,0.30
-0.68,0.59
-0.00,-0.25
0.53,-0.06
1.17,0.14
0.56,0.76
0.78,-0.82
0.94,-0.36
-0.99,0.63
-1.24,0.24
0.78,0.47
-1.04,0.71
1.17,0.14
-0.93,-0.60
0.51,0.78
1.23,0.19
1.17,0.14
0.76,0.01
1.17,0.14
-0.48,0.08
0.26,0.44
-0.71,0.33
-1.04,0.71
-0.73,0.97
-0.79,0.63
-0.15,-1.94
-0.24,0.97
-0.17,0.40
-0.54,-0.94
-0.98,-1.62
1.22,-0.24
-0.65,-0.23
1.17,-0.29
1.23,0.19
-0.67,-0.27
1.28,-0.19
1.22,-0.24
-0.45,-0.63
0.44,0.37
1.17,0.14
0.90,0.44
-0.46,0.31
-0.34,-1.69
1.17,0.14
-0.88,-1.40
0.88,-0.34
0.57,0.83
0.90,0.51
-0.77,0.41
-0.92,-1.64
-0.65,-1.94
0.91,-0.68
-0.83,0.50
0.60,-1.12
-1.19,0.30
1.40,0.78
-0.46,0.38
-1.12,-0.10
2.01,0.97
1.63,0.05
-0.22,-0.14
1.88,0.79
1.26,0.68
2.09,1.05
0.85,-1.52
1.36,0.99
0.54,-1.61
0.28,-1.37
0.94,-1.28
1.42,1.04
1.04,0.33
0.90,-0.99
0.91,0.75
1.42,1.25
-1.02,-0.02
-0.22,0.59
1.23,-0.63
-0.97,0.56
1.32,0.25
-1.13,0.03
-0.18,1.31
-0.10,0.09
-0.59,1.10
1.29,-0.58
0.96,-1.12
1.20,0.72
-0.14,0.57
-0.48,1.01
-0.59,-0.09
-0.39,-0.21
-0.80,0.20
-1.19,0.30
-0.82,0.13
0.13,-0.00
-0.89,0.39
-0.36,-0.27
-1.19,0.30
0.94,0.73
-0.82,0.13
-0.53,0.22
-0.38,-0.37
-0.88,-0.32
1.04,-0.60
0.32,-1.55
1.29,-0.92
1.29,-1.05
0.66,-1.20
1.98,0.17
-0.82,0.13
-0.57,0.43
-1.06,-0.32
-0.80,-0.68
-0.75,-0.23
-0.92,-0.36
-0.93,0.06
-0.63,0.70
-1.16,-0.14
-0.56,-0.53
-0.82,0.13
-0.57,-0.10
-0.59,-0.10
-0.78,-0.13
-0.66,0.62
0.05,-0.24
-1.02,-0.02
-0.18,-0.63
0.04,0.17
-0.24,0.07
-0.78,0.21
-0.93,0.06
0.05,0.16
-0.58,-0.10
0.43,-0.20
-0.04,-0.05
0.30,-0.21
-1.19,0.30
-0.94,0.07
-0.48,-0.42
0.32,0.19
-0.47,0.37
0.14,-0.31
0.31,0.19
-0.67,-0.18
1.51,-0.12
-1.57,0.32
-0.79,-0.04
-0.48,-0.39
2.01,0.41
0.97,-0.26
1.24,-0.18
0.26,-0.92
-1.36,0.21
0.96,-1.06
-1.31,0.20
0.17,1.29
1.70,0.25
0.60,0.68
1.15,-0.29
-0.51,1.05
-0.97,-0.75
-0.96,-0.48
1.03,0.63
-0.73,-0.71
-1.12,0.00
-1.13,-0.04
-1.36,-0.21
-1.10,0.09
-0.41,-1.17
-0.75,-0.08
-1.25,0.05
0.42,1.13
-0.46,0.45
1.08,0.11
0.90,0.00
0.67,-0.66
2.01,0.41
-1.27,0.02
-0.78,0.39
-0.10,-0.39
-1.58,0.28
0.98,-0.26
1.74,0.21
2.03,0.03
2.06,0.03
1.44,0.08
-0.81,-0.08
-1.25,0.40
-0.96,-0.05
-1.05,0.01
-0.80,-0.20
-0.23,0.26
-1.01,0.16
0.70,-1.42
-0.15,-0.09
-0.72,-0.29
-0.82,0.16
-0.69,0.63
-1.08,0.51
-0.22,-0.22
-0.79,0.91
-1.12,0.60
-1.31,0.20
-0.77,0.65
-0.89,0.36
-0.77,0.29
-1.02,-0.14
-0.16,0.46
-1.30,0.43
-0.70,0.01
0.05,-0.21
0.19,-1.42
0.10,-0.84
0.09,-0.97
-0.39,-0.29
-0.04,-1.57
0.11,-1.25
-0.15,-1.76
0.95,0.90
1.77,-0.11
-0.45,1.33
-0.09,1.16
-0.48,-0.06
0.33,-0.69
1.51,-0.14
0.12,-0.85
0.68,-0.34
1.54,0.42
1.70,0.25
1.56,0.73
1.75,0.53
1.74,0.44
1.70,0.63
-1.31,0.20
0.36,-0.15
-1.20,0.16
-1.55,-0.09
0.57,1.66
0.48,0.67
-1.66,-0.13
-0.95,-0.35
-0.59,1.05
-1.36,0.02
-0.47,-0.39
-1.66,-0.13
0.62,-0.65
0.98,1.29
0.16,-0.41
0.25,-0.69
0.62,-0.62
0.56,-0.76
0.84,0.32
0.35,0.36
0.59,-0.43
0.72,0.38
0.73,-0.08
-1.19,-0.12
-0.51,0.91
-0.81,0.00
-0.82,0.86
-0.68,0.65
-0.88,1.21
-1.66,-0.13
-0.95,-0.35
-1.22,-0.24
-1.61,-0.27
-1.25,-0.29
0.31,0.31
0.57,-0.83
-0.17,0.89
0.13,-0.32
0.26,-1.23
0.62,-0.65
0.62,-0.65
0.68,-0.98
0.63,0.47
-0.25,-0.48
-1.55,-0.13
-0.83,-0.61
0.87,0.33
0.62,-0.11
0.59,-0.43
0.55,-0.26
0.93,0.87
0.72,0.10
0.59,-0.43
-0.59,-0.28
-1.52,-0.09
0.65,1.32
-0.05,1.27
0.59,-0.43
0.55,-0.26
-1.12,0.55
0.59,-0.43
0.76,-0.07
0.54,-0.07
0.67,-0.04
0.55,0.66
0.85,0.47
0.52,-0.27
0.45,-0.47
0.67,-0.04
-0.37,0.15
0.64,-0.02
0.72,0.38
0.70,0.68
0.64,-0.02
0.45,-0.47
-0.12,-0.11
-1.50,-0.23
0.31,-0.11
0.54,0.08
0.76,-0.30
-0.29,0.12
-0.82,-0.32
-0.14,0.28
0.07,-0.40
0.18,0.12
-0.24,0.84
-0.43,-0.39
0.12,0.02
0.59,-0.43
0.61,-0.58
0.78,-0.22
0.06,1.34
-0.87,0.74
-0.40,0.94
-1.15,1.15
-0.46,1.64
-0.59,1.24
-0.33,0.51
-0.62,0.46
-0.26,1.73
1.19,0.35
-0.65,-0.82
-0.66,1.68
-0.66,1.68
-0.72,-1.09
0.08,-0.83
0.83,1.53
0.03,0.99
0.42,0.98
-0.48,0.89
-0.66,1.68
-1.18,0.67
-0.64,0.19
-1.20,-0.34
-0.74,-0.36
-0.28,-0.50
0.43,0.13
0.40,-0.42
0.48,-0.22
-0.76,-0.75
-1.14,-0.24
1.21,0.05
1.13,0.42
-0.97,-1.00
0.56,-0.58
0.17,0.34
0.26,-0.23
0.16,0.56
-0.39,1.23
0.88,-0.17
1.25,0.11
0.88,-0.79
0.34,0.64
-1.21,-0.74
1.25,0.14
0.94,0.53
-0.05,-0.31
0.87,-0.57
1.07,-0.82
0.75,0.08
1.27,-0.09
-0.56,-0.95
0.93,-0.67
0.80,0.17
0.30,-0.45
-1.16,-0.96
0.27,-0.87
1.21,0.05
1.20,0.00
-0.79,-0.36
-0.72,-0.48
0.40,0.12
-0.69,-0.05
1.20,0.00
-0.90,-1.10
0.83,0.08
-1.16,-0.96
1.13,0.44
-0.35,-0.96
-0.75,0.43
-0.72,1.00
-0.85,0.71
-0.23,1.02
-1.04,0.13
-0.67,-0.92
1.24,0.14
0.87,-0.44
-0.97,-0.97
-1.30,-0.70
-0.31,-0.50
0.58,-0.92
1.32,-0.30
0.21,-0.71
0.41,-0.82
0.12,-0.45
0.58,-0.56
0.91,-0.30
-0.76,-0.75
-0.39,-0.95
-1.04,-0.58
1.04,-0.33
-0.52,-0.55
-1.27,-0.09
-0.88,-0.23
0.58,-0.88
-1.10,0.24
-1.12,0.24
-1.16,-0.49
-0.77,-0.15
-0.54,-0.60
-1.27,-0.09
-1.10,0.24
0.20,-1.46
0.65,-1.43
0.58,-0.88
-1.27,-0.09
0.21,-0.64
-1.24,0.25
0.34,-1.18
-0.50,0.61
0.65,-1.43
0.03,0.16
0.77,-0.20
-1.26,0.24
-0.99,-0.06
-1.09,0.58
0.86,-0.60
0.20,-0.54
1.02,-1.24
-0.78,-0.85
1.34,-0.57
0.79,-1.45
1.16,-1.25
-1.04,-0.54
-1.07,0.14
-0.39,-0.56
-0.18,-0.60
-0.46,-0.11
-1.27,-0.09
-0.81,-0.06
-1.00,-0.40
-1.26,0.24
-0.55,-0.37
-1.02,-0.49
0.01,0.78
0.20,-0.84
0.78,1.59
1.48,-0.58
-0.12,0.69
-0.28,0.12
1.51,-0.67
0.96,-1.11
0.77,1.56
0.65,1.28
0.46,0.58
0.88,1.65
1.54,0.20
0.09,0.44
1.13,0.38
0.77,1.48
0.77,1.56
0.92,0.95
0.86,1.51
0.53,1.33
1.02,1.15
0.89,1.76
-0.81,-0.15
-1.27,-0.09
0.46,-0.25
1.69,0.17
1.73,0.34
0.05,1.11
0.44,0.92
0.66,1.07
-0.35,-0.52
-0.97,-0.19
0.89,-1.06
1.21,-0.99
0.08,0.33
0.58,-0.32
-0.78,0.69
0.88,-1.18
1.05,-0.60
-1.15,-0.00
-0.54,0.48
-0.85,0.72
-0.70,1.06
-0.48,0.17
-0.57,-0.54
-0.20,0.31
-0.36,-0.04
-0.99,0.35
-1.04,-0.09
-0.39,-0.47
-0.43,-0.57
-0.90,0.34
0.19,0.04
-0.69,0.81
-0.57,-0.21
1.53,0.78
1.38,-0.82
1.40,-0.16
-0.50,-1.08
-0.04,-0.86
1.67,0.16
0.15,-0.64
-0.62,0.11
-0.14,-0.22
-0.37,-0.09
-0.91,0.63
-0.80,0.07
-0.33,-0.45
-0.49,0.38
0.76,1.62
1.08,1.71
0.02,0.43
0.23,1.09
-0.01,1.65
-0.41,1.02
1.33,0.27
1.02,1.08
0.32,-0.73
-0.52,-1.10
-0.94,0.42
-1.04,0.69
-0.91,0.27
-0.97,0.40
-0.30,-0.16
-0.84,0.40
-0.30,-0.78
-1.04,-0.09
-0.82,0.22
0.58,-0.45
0.50,-0.32
-0.09,-1.08
0.28,-0.61
-1.11,0.75
0.62,1.30
0.67,-0.62
-1.08,-0.41
-0.82,-0.18
-1.21,0.06
-0.24,-0.37
0.69,1.10
0.64,-0.46
0.82,-0.68
0.67,-0.66
0.11,-0.36
0.00,0.15
-1.08,-0.41
-0.76,-0.42
-0.38,-0.80
-0.91,0.18
-0.97,0.40
-1.05,0.46
0.58,1.04
-1.11,-0.02
-1.06,-0.12
-0.36,0.04
-0.35,-0.60
-0.45,0.05
-0.62,0.11
-0.89,-0.70
0.60,-0.20
-0.66,1.17
0.87,0.84
1.64,0.84
1.06,-0.21
0.11,-0.29
1.10,0.58
1.06,-0.92
1.50,0.63
0.57,-0.57
0.66,-1.10
1.06,-0.46
1.08,-0.63
1.10,-0.61
1.06,-0.48
0.57,-0.57
0.99,-0.57
0.18,-0.27
0.33,-0.02
0.67,0.12
0.80,0.03
-0.92,-0.23
0.61,-0.57
0.67,0.12
-1.29,-0.12
0.60,-0.20
0.62,-0.04
0.16,-0.26
-0.90,-0.65
0.59,0.36
0.67,0.12
0.74,-0.29
0.53,-0.27
0.67,0.12
0.78,-0.05
0.67,0.12
-0.45,-0.04
0.63,-0.38
0.92,-0.14
-1.32,0.14
-0.80,-1.18
-0.85,0.33
-0.84,-0.33
-0.45,-0.61
0.20,0.17
0.32,-0.57
0.74,-0.46
0.28,-0.17
0.08,0.35
-0.78,-0.11
0.59,0.19
-0.90,-1.02
-0.92,0.58
-1.24,0.04
-1.31,0.28
0.16,0.11
-0.66,-0.18
-0.91,0.02
-0.39,-0.81
-0.84,-0.50
-0.79,-0.27
-0.12,0.20
-0.48,1.16
0.67,0.12
0.67,-0.26
0.67,0.12
0.79,-0.43
0.28,-0.44
-1.08,-0.73
0.06,-0.03
-0.36,-0.75
0.82,-0.28
0.82,-0.28
-1.20,-0.18
0.95,-0.37
0.24,-0.15
-0.53,0.21
0.70,-0.10
0.62,-0.04
-0.20,0.26
0.80,0.03
0.67,-0.05
-0.84,-0.04
-0.84,-0.04
0.70,-0.10
0.62,-0.04
0.67,-0.26
0.27,0.49
0.71,0.26
0.46,0.81
0.67,-0.26
0.78,-0.05
0.67,0.86
0.86,-0.84
-0.41,1.11
0.09,0.83
0.26,0.82
0.29,0.02
0.50,0.93
-1.42,0.66
-0.62,0.45
-0.92,0.58
-1.47,0.35
-0.91,-1.40
0.18,0.44
0.11,1.59
-0.79,0.77
-0.85,0.33
