['Apache_baseline', 1.0, 1.0, 1.0, 1.0, 1.0, 1.0, 1.0, 1.0, 1.0, 1.0, 1.0, 1.0, 1.0, 1.0, 1.0, 1.0, 1.0, 1.0, 1.0, 1.0, 1.0, 1.0, 1.0, 1.0, 1.0]
['Apache_25_w', 1.1136363636363635, 1.0555555555555556, 1.0320512820512822, 0.98255813953488369, 1.3083333333333333, 1.5526315789473684, 1.0, 0.81578947368421051, 1.0062893081761006, 1.0202702702702702, 1.027027027027027, 1.125, 1.0849056603773586, 0.94623655913978499, 1.0136986301369864, 1.0249999999999999, 1.0, 1.1590909090909092, 1.0125, 1.0963855421686748, 1.0, 1.1428571428571428, 1.0, 1.1276595744680851, 1.2386363636363635]
['Apache_50_w', 1.1666666666666667, 1.05, 1.0769230769230769, 1.180952380952381, 1.0674157303370786, 1.0277777777777777, 1.0119047619047619, 1.20625, 1.425, 1.0486725663716814, 1.3999999999999999, 1.2222222222222223, 0.91191709844559588, 1.126984126984127, 1.3343750000000001, 1.1714285714285715, 1.1111111111111112, 1.2222222222222223, 1.4285714285714286, 0.95348837209302328, 1.0294117647058822, 1.4750000000000001, 1.075, 1.1086956521739131, 1.1234567901234569]
['Apache_75_w', 1.1081081081081081, 1.2782608695652173, 1.3902439024390243, 1.0794392523364487, 1.0, 1.1388888888888888, 1.1764705882352942, 1.0633484162895928, 1.1702127659574468, 1.1428571428571428, 1.0555555555555556, 1.1973684210526316, 1.1686586985391767, 1.0109890109890109, 1.3780487804878048, 1.1764705882352942, 1.0789473684210527, 1.0165745856353592, 1.0114942528735633, 0.98641765704584039, 1.3055555555555556, 1.1176470588235294, 1.0731707317073171, 0.94318181818181823, 1.1618257261410789]
['Apache_25', 1.0303030303030303, 1.024390243902439, 1.0060606060606061, 1.069767441860465, 1.0133928571428572, 1.1428571428571428, 1.0555555555555556, 0.98780487804878048, 1.1090909090909091, 1.058139534883721, 1.0857142857142856, 0.97435897435897434, 1.0687500000000001, 1.1477272727272727, 1.0251572327044025, 1.0263157894736843, 1.0833333333333333, 1.3026315789473684, 1.0341880341880343, 1.0, 1.1578947368421053, 1.0256410256410255, 1.0474683544303798, 1.0781893004115226, 0.99199999999999999]
['Apache_50', 1.5249999999999999, 1.1111111111111112, 1.1337579617834395, 1.0333333333333334, 1.1358024691358024, 1.0285714285714285, 1.2105263157894737, 1.2337662337662338, 1.6043010752688172, 1.0640176600441502, 1.0526315789473684, 1.0540540540540539, 1.095435684647303, 1.2621951219512195, 1.41875, 1.0249999999999999, 1.0246913580246915, 1.0630434782608695, 1.2755102040816326, 1.0117647058823529, 1.7222222222222223, 1.0072992700729928, 1.1923076923076923, 1.0833333333333333, 1.0597826086956521]
['Apache_75', 1.0, 1.53125, 0.90261282660332542, 1.5356037151702786, 0.94736842105263164, 1.2580645161290323, 1.1675126903553299, 1.3333333333333333, 1.2814371257485031, 1.1003891050583658, 1.2571428571428571, 1.0628019323671498, 1.26, 1.125, 1.3932584269662922, 1.3666666666666667, 0.86564299424184254, 0.9105215827338129, 1.5575221238938053, 1.4269662921348314, 1.1470588235294117, 1.25, 0.90842490842490842, 0.9438202247191011, 1.0171428571428571]
['Apache_75_w_iP(25)', 1.15625, 1.4285714285714286, 1.2931034482758621, 1.3801452784503632, 0.98076057605760569, 1.2121212121212122, 1.1351351351351351, 1.3150684931506849, 1.1142857142857143, 1.0482190731520491, 1.3636363636363635, 1.0263157894736843, 1.0424242424242425, 1.4267015706806283, 1.0024678111587983, 1.8235294117647058, 1.0256410256410255, 1.6701030927835052, 1.0594530321046374, 0.86440177252584927, 1.0588235294117647, 1.2935779816513762, 1.0603448275862069, 1.151685393258427, 0.99199999999999999]
['Apache_75_iP(25)', 1.28125, 1.0081967213114753, 1.1323529411764706, 1.1619402985074627, 1.0205607476635514, 1.2352941176470589, 1.2058823529411764, 1.0728476821192052, 1.3999999999999999, 1.4838098246722475, 1.2121212121212122, 1.3043478260869565, 1.2736486486486487, 1.25, 1.2073232323232324, 1.1212121212121211, 1.1388888888888888, 1.7647058823529411, 1.3985507246376812, 1.1313755795981453, 1.3125, 1.0994764397905759, 1.6527777777777777, 1.12890625, 1.0358527131782946]
['Apache_75_w_iP(50)', 1.1538461538461537, 1.1025641025641026, 1.0481012658227848, 1.7876712328767124, 0.99740932642487035, 1.1212121212121211, 1.6520000000000001, 0.95652173913043481, 1.6601307189542485, 0.97814207650273222, 1.0789473684210527, 1.1267605633802817, 1.1687062937062938, 0.96470588235294119, 1.5, 1.088235294117647, 1.6216216216216217, 1.3353140916808148, 0.96812278630460447, 0.88591184096802067, 0.97142857142857142, 1.6000000000000001, 1.125, 1.1138743455497382, 0.85054678007290396]
['Apache_75_iP(50)', 1.2424242424242424, 1.2987012987012987, 0.95551601423487542, 1.1262886597938144, 1.0558712121212122, 0.97297297297297303, 1.1691176470588236, 1.2084148727984343, 1.4470588235294117, 1.3069620253164558, 1.1714285714285715, 1.1842105263157894, 1.1223150357995226, 0.99749791492910755, 1.131132958801498, 1.3333333333333333, 1.1196911196911197, 1.3884826325411335, 1.1341463414634145, 1.0067873303167421, 1.34375, 1.0553846153846154, 1.0217391304347827, 1.2923076923076924, 1.0762041696621136]
['Apache_75_w_iP(75)', 1.1578947368421053, 1.0952380952380953, 1.1344827586206896, 1.4204081632653061, 1.0486008836524301, 1.2051282051282051, 1.0555555555555556, 1.2080745341614907, 1.0986066452304395, 1.1775700934579438, 1.0810810810810811, 1.4428571428571428, 1.4383838383838383, 1.2108433734939759, 1.1858974358974359, 1.1428571428571428, 1.1499999999999999, 1.5064935064935066, 1.4342105263157894, 0.93023255813953487, 1.6000000000000001, 1.0, 1.5, 1.1993243243243243, 0.89839572192513373]
['Apache_75_iP(75)', 1.0810810810810811, 0.98557692307692313, 1.1870967741935483, 0.98416289592760176, 0.88142292490118579, 1.2580645161290323, 1.2537313432835822, 1.2277904328018223, 0.90019569471624272, 0.89140811455847246, 1.4242424242424243, 1.0555555555555556, 1.2432432432432432, 1.4745762711864407, 1.4603174603174602, 1.1142857142857143, 1.1836734693877551, 1.2649572649572649, 1.2530864197530864, 1.1119272472892621, 1.0810810810810811, 1.117117117117117, 1.3872053872053871, 1.2027914614121511, 1.0476190476190477]
