['BDBC_baseline', 1.0, 1.0, 1.0, 0.99870023585733492, 1.0, 1.0, 1.0035440212831965, 0.9969530232302608, 1.0, 1.0000962299480558]
['BDBC_25_w', 2.2556139275977185, 2.2126259903066723, 2.2492519854115081, 2.2305002391239639, 2.2475841996845323, 2.208088268969969, 2.2583794422359134, 1.6746949038709085, 2.2747825863418081, 1.7021658280110117]
['BDBC_50_w', 3.6085556792444851, 3.5809088656391901, 3.2910940041637571, 3.3631554240086423, 3.615000559850936, 3.6870927238986706, 3.2400438224014239, 3.3096053629865114, 2.7805162369608554, 3.2154371229875638]
['BDBC_75_w', 3.378623274614474, 3.9765595628421866, 3.6049405240555048, 3.9323048549136908, 4.0088684172605493, 3.9307621656840963, 3.9775196575248084, 4.0323500665292187, 4.0444212565633748, 3.9905087411375852]
['BDBC_25', 2.2528132549591757, 2.2922977307549015, 1.7025326562822802, 2.2386865683133177, 2.2987425212302033, 2.2872623576784474, 2.30344297024658, 2.7284447031908701, 2.2515688784814012, 2.3178454976911631]
['BDBC_50', 3.301947278505144, 3.6098026414230913, 3.5953767207524394, 3.302915008896786, 3.7063821108334176, 3.6469467044080037, 3.334514722149688, 3.8833489099407426, 3.2796489226052667, 3.8539534264271031]
['BDBC_75', 4.0704113696872435, 4.1356795150897057, 4.1996861363487366, 4.0811074028814183, 4.041601866656463, 4.1113844865682934, 4.0782750137477928, 4.038867093336739, 4.1204308258122859, 4.1132519752746521]
['BDBC_25_w_iP(25)', 2.2653260642759636, 2.259251312259912, 2.2978259802865759, 2.2748000826427783, 2.3015872688960428, 2.2785233842740777, 2.2163479721569228, 2.2830525558457393, 2.265931963347577, 2.3134295920293981]
['BDBC_50_w_iP(25)', 3.9024277353990136, 3.6616897712754191, 3.6687608735564989, 3.6141989718964358, 3.975879002625557, 3.368086030908144, 3.7142354306868159, 3.6476791090823975, 3.6104348143377472, 3.6345550898256538]
['BDBC_75_w_iP(25)', 4.0552521435483291, 4.1473161321208591, 4.0088855474571892, 4.073625733468587, 4.2401456057145461, 4.047531076054347, 4.001242150213729, 3.9217699062651312, 4.0912278695975886, 4.074985225416067]
['BDBC_25_iP(25)', 1.6763558431017009, 2.2631978250023161, 1.0272644271646045, 2.2881827763172087, 2.2614139353661789, 2.2588343429201476, 2.4681882768040802, 2.2162192258637026, 2.2825004649892122, 2.674344992134825]
['BDBC_50_iP(25)', 3.6141370017674612, 3.6089887925237538, 3.827953135792546, 3.3295855604272293, 2.8728732025817156, 3.3543662090402093, 3.6506320305369151, 3.6028651790057915, 3.3983561089401002, 3.874815496327535]
['BDBC_75_iP(25)', 4.2447366514056313, 4.0619934381936176, 4.1205328611322347, 3.9585156208972183, 4.1243996478981906, 4.0995052048236014, 4.0431286235110466, 3.9933786853312347, 4.1171368236353638, 3.863097469496787]
['BDBC_25_w_iP(50)', 2.2902592905930326, 2.1984493674344678, 2.2784645285178451, 2.2607471821395957, 2.254760906498809, 2.2841714330225726, 2.3377273494401587, 2.242918887745124, 2.3048780859795714, 2.2712933909388364]
['BDBC_50_w_iP(50)', 3.5846031320825031, 3.6726952482538691, 3.6433408862907148, 3.6376783607622372, 3.2656518026054258, 3.8598148797476299, 3.6569579338641289, 3.328012932828798, 3.2092560223924318, 3.6327789784542439]
['BDBC_75_w_iP(50)', 4.1156681511001487, 4.0958664300756729, 3.9350906340854985, 4.0415694916851637, 3.9291482873262487, 4.0778036069715462, 4.0409678222253271, 4.0132838288988397, 4.0934687985019815, 4.0561370269384636]
['BDBC_25_iP(50)', 2.2975589230002882, 2.2604308693653179, 2.2686567522024128, 2.2773318078337246, 2.267315348194515, 2.2859868160526085, 2.2708672686504352, 2.2536877334642078, 2.3130828228896361, 2.2679437387491457]
['BDBC_50_iP(50)', 3.6122238300543148, 3.6413268830287153, 3.3144945177729532, 3.7862563550771107, 3.7207128982027986, 3.6741262594418056, 3.5509525512608136, 3.5781383308836707, 3.5608628621739808, 3.6803526555164052]
['BDBC_75_iP(50)', 4.0066054868539815, 3.9940328807682768, 4.0524169098989766, 3.9566053460605883, 4.2046886403013577, 4.0179979632307621, 4.0302499405291252, 3.7190744929042889, 3.8935772212328303, 4.2705427228789592]
['BDBC_25_w_iP(75)', 2.2475610702659523, 2.2983818353334242, 2.2613255477065199, 2.2927890640818851, 2.2600173598369384, 2.1706923124467408, 2.2582985193085707, 2.67803465453136, 2.1897225108528584, 2.2526552715067991]
['BDBC_50_w_iP(75)', 3.2962992543904681, 3.6273959887052425, 3.4905802744089289, 3.3299906912453934, 3.2803084417312425, 3.3368423073976117, 3.3147062452070135, 2.3144695543947207, 3.3189914974028798, 3.240277050324893]
['BDBC_75_w_iP(75)', 4.0222222876319851, 4.0528257566137249, 3.9585625073333044, 4.1205668254764367, 3.905380552452145, 3.8992494763276326, 4.0583089798071752, 3.9366681931156773, 4.004186503217233, 4.0823963147273163]
['BDBC_25_iP(75)', 2.2308577405807752, 2.2640100887277117, 2.2580889487770852, 2.2407228048247338, 2.2988143584104432, 2.27469913099777, 2.2426230960267222, 2.2742267647809329, 2.3197393100374932, 2.2870922549330723]
['BDBC_50_iP(75)', 3.659669934958381, 3.8364586228269895, 3.6164834627558053, 3.8855555544517659, 3.6843128815875388, 3.332988446938415, 3.6756966564769207, 3.8668774540787405, 3.6895669792682124, 3.6817543097935475]
['BDBC_75_iP(75)', 4.0385946945914277, 4.0660522707709674, 4.0468230809771963, 3.3878361534517452, 4.0516206553411278, 4.068164700623119, 4.0074871396316301, 3.6009342964933828, 4.1331956678737587, 4.0167498920712967]
