['BDBJ_baseline', 1.0, 1.0, 1.0, 1.0, 1.0011527377521614, 1.0, 1.0, 1.0017811201266573, 0.99555994079921062, 1.0]
['BDBJ_25_w', 1.0678209199877062, 1.0184105553850875, 1.0664556962025316, 1.0267657235904744, 1.0478269699431357, 1.0484581497797356, 1.0329558208346088, 1.0569652501783349, 1.075657213827365, 1.0498162515312373]
['BDBJ_50_w', 1.4004840546697039, 1.044895510448955, 1.2447432762836186, 1.4616053317878877, 1.444382801664355, 1.0608128756239177, 1.0729376791591465, 1.0690715310514449, 1.4814371257485031, 1.255934449933727]
['BDBJ_75_w', 1.0873198245247546, 1.4491351509821166, 1.0636688379911745, 1.0003834355828221, 1.5761919130959565, 1.5849573690621193, 1.4918864097363083, 1.5163658611196085, 1.0746331679510186, 1.5210636390797729]
['BDBJ_25', 1.1069075451647183, 1.1121753937845893, 1.0821098993288591, 1.0066091954022989, 1.0643417966758437, 1.0946218309112126, 1.0639957828149711, 0.96869598617246011, 1.0145059849868128, 1.0377598642341961]
['BDBJ_50', 1.011577868852459, 1.4355216881594373, 1.5579167913798264, 1.4723952434881087, 1.5196342925659472, 1.4712918660287082, 1.2476731536322978, 1.0029553738547927, 1.4643269786250721, 1.5128724327451548]
['BDBJ_75', 1.6426987646499842, 1.5721124150710315, 1.5169899372903601, 1.5744164898454076, 1.5486669821738444, 1.4750796870472327, 1.2806353084911424, 1.5694531741043369, 1.5452920143027413, 1.5795629424438289]
['BDBJ_25_w_iP(25)', 1.0, 1.0629227300676367, 1.0187764990914596, 1.0302225852562794, 1.0091027308192457, 1.0102161100196463, 0.98804473582722718, 1.0696574910695524, 1.0559951308581863, 1.0688176434551766]
['BDBJ_50_w_iP(25)', 1.42242355605889, 1.4565774487471526, 0.99952244508118437, 1.4887087434858135, 1.4355259345117357, 1.5291624031574331, 1.5559555955595559, 1.1038739889314602, 1.4602131698058112, 1.5522298712960192]
['BDBJ_75_w_iP(25)', 1.603551201591918, 1.6607369758576873, 1.527096578867696, 1.0070273392375819, 1.5359765051395007, 1.5301407588739291, 1.5998778252901649, 1.0280281271664851, 1.6147896039603959, 1.5695447409733123]
['BDBJ_25_iP(25)', 1.0553762356263869, 1.0495927415197444, 1.0631097560975609, 0.96548740626802543, 1.0368462757527734, 1.0900355128472947, 1.0479863754758565, 1.0371342078708374, 0.93668706962509563, 1.0628687690742624]
['BDBJ_50_iP(25)', 1.527729130180969, 1.5284339457567804, 1.4774528165970322, 1.4323384526224283, 1.4781310643379608, 1.4965183166818044, 1.5215869311551926, 1.2391383716684921, 1.4358974358974359, 1.06120067882902]
['BDBJ_75_iP(25)', 1.6351648351648351, 1.0908994484514214, 1.5463444478433772, 1.6077119184193753, 1.0926544240400669, 1.0, 1.6376629495837913, 1.0065510597302505, 1.5834653151726323, 1.544822256568779]
['BDBJ_25_w_iP(50)', 1.0565345828664561, 1.0450090018003602, 1.0816178752456811, 1.0365878938640132, 1.0237391646966114, 1.48913358446827, 1.0328619796853216, 1.0128051220488195, 1.0489612694435746, 1.1148777895855473]
['BDBJ_50_w_iP(50)', 0.91932708851080103, 1.065410779696494, 1.4950452391210685, 0.96898928024502295, 1.5275992990654206, 0.99254729600611502, 1.5709760144818223, 1.4777683375814217, 1.489467524868344, 1.4532565352237483]
['BDBJ_75_w_iP(50)', 1.4654317386231039, 1.6138230280489694, 1.1218676376097665, 0.96740797546012269, 1.5918679302965455, 1.5223295111647557, 1.6535295979740423, 1.5548818407960199, 1.6356625747560591, 1.5293083235638922]
['BDBJ_25_iP(50)', 1.0556485355648535, 1.0451772976325855, 1.0502152080344334, 1.4070337676895055, 1.0228660113812726, 1.0830309940914273, 1.0553977272727273, 1.085019820571667, 1.0302225852562794, 0.98595451939613987]
['BDBJ_50_iP(50)', 1.4835873388042204, 1.4989508393285371, 1.4490002897710808, 1.11068539804172, 1.4749348015068096, 1.4900341685649203, 1.4579929988331388, 1.5310668229777258, 1.4612756264236901, 1.09217225286381]
['BDBJ_75_iP(50)', 1.5866420437057556, 1.6070142476906215, 1.1130712008501593, 1.5193055971266087, 1.0056796303427031, 1.5878936105166617, 1.5992658305292138, 1.6537124802527645, 1.5601908866995073, 1.5828304164152083]
['BDBJ_25_w_iP(75)', 1.0236348818255909, 1.0185746012517667, 1.0622267412302999, 1.0105027021515245, 1.0683299389002037, 1.0079700403303247, 1.0828249405438941, 1.0294353223868642, 1.01863923405989, 1.0]
['BDBJ_50_w_iP(75)', 1.0092439427848594, 1.5259082787373437, 1.0286366466071799, 1.0151054339010543, 1.4507361268403172, 1.2487266553480476, 1.0455020920502092, 1.0803146346512109, 1.0530671356160133, 1.4846077457795432]
['BDBJ_75_w_iP(75)', 1.0641262036467938, 1.4544410962835415, 1.5351699882766705, 1.5379957614290038, 1.5294477589108153, 1.0882445967316816, 1.5804745352878948, 1.5667215815485998, 0.96869598617246011, 0.98016942626107051]
['BDBJ_25_iP(75)', 1.0622913188647747, 1.0976045387686488, 1.0617564911554773, 0.97094082669991366, 1.0635245901639345, 1.0513579742699612, 1.0449798366249612, 0.96860730593607303, 1.0939435289178125, 1.0664556962025316]
['BDBJ_50_iP(75)', 1.4952187771660388, 1.0736483610046827, 1.4579693541457825, 1.4768268410577197, 1.0849086161879895, 1.00277990797546, 1.488528009535161, 1.2627507855934252, 1.4917936694021101, 1.5159272727272728]
['BDBJ_75_iP(75)', 0.97330516612252738, 1.0777055369127517, 1.5975535168195718, 1.593448645339048, 1.5403178340200119, 1.5790117791035643, 1.0634008773762273, 1.6001835423676964, 1.5970079476390837, 1.6336166194523134]
