['LLVM_baseline', 1.0, 1.0, 1.0, 1.0, 1.0, 1.0, 1.0, 0.99949115805439548, 1.0, 1.0]
['LLVM_25_w', 1.0235334934903271, 1.0285099503143067, 1.0310640030532163, 1.011469269339583, 1.034602303778611, 1.0404865471992286, 1.0333859606204958, 1.029919354105034, 1.0134357380400827, 1.0155714208579687]
['LLVM_50_w', 1.0679268742817503, 1.0631758520192514, 1.0717114784886026, 1.0498828042972117, 1.0651646554904932, 1.0496315733250674, 1.0501889695402822, 1.0614270651961253, 1.0430055664558637, 1.0647410766772156]
['LLVM_75_w', 1.0602234909654329, 1.095466322268674, 1.0813977364230583, 1.091766777382835, 1.1073528513518842, 1.0700892590326274, 1.0653494598475262, 1.0890624880023738, 1.0532052229956987, 1.0959239177903262]
['LLVM_25', 1.0309375204452287, 1.0337312494805917, 1.0218302987584202, 1.0194925542249342, 1.0173130531045425, 1.0270399001093844, 1.0348746517809762, 1.0352394222293386, 1.0230395000642163, 1.0299832096421679]
['LLVM_50', 1.0809436460005721, 1.0785596557500976, 1.0722978150275206, 1.0420353138304175, 1.0868642216120734, 1.0749931898948077, 1.0673730066417986, 1.0784504856495198, 1.0605651148415407, 1.0715321240750948]
['LLVM_75', 1.1027400933789759, 1.1096186788486395, 1.0978512148911679, 1.0818309271344166, 1.1145862384555876, 1.0699462013328138, 1.1261166744831344, 1.1044255316912956, 1.1170775131907378, 1.0883175431076186]
['LLVM_25_w_iP(25)', 1.0222279504606022, 1.0211381362149667, 1.027574721798862, 1.0156969043883708, 1.0356987246721203, 1.0109724402905906, 1.0252588791331478, 1.025936972949933, 1.0342376402011062, 1.0350175853617452]
['LLVM_50_w_iP(25)', 1.0457447240183397, 1.0626399468190131, 1.0684011103455802, 1.071522635301787, 1.0721835548607836, 1.0687792515638266, 1.0677886291475687, 1.0767329866271664, 1.0616989770291301, 1.0744464542972723]
['LLVM_75_w_iP(25)', 1.103624385819163, 1.1153196240333585, 1.102665940307384, 1.0965927500007093, 1.0785866872609018, 1.0770170898298852, 1.1055782460139174, 1.0812855830883477, 1.1283279978385254, 1.0650586678524852]
['LLVM_25_iP(25)', 1.0260234479955499, 1.0340257991995359, 1.0268635215277284, 1.0237890073473028, 1.0206756292608645, 1.0271894555394339, 1.024090110420609, 1.0259281784062564, 1.0259469592392307, 1.0258299338761576]
['LLVM_50_iP(25)', 1.0754278205296204, 1.0811298318975795, 1.0673914203165222, 1.0623160331577859, 1.0522395556981063, 1.0681813350019393, 1.0364491434978265, 1.0902158918923541, 1.0684659370288658, 1.0732789513231504]
['LLVM_75_iP(25)', 1.106871987211532, 1.0944936627892004, 1.1286874954832866, 1.1178091477787411, 1.1216913521054224, 1.1411323123961274, 1.1171412477254228, 1.0648716244433474, 1.1391120220013111, 1.1055343631877865]
['LLVM_25_w_iP(50)', 1.0197628725385648, 1.0229496968724703, 1.0350196191558023, 1.0194671200631964, 1.0307675748258023, 1.0255600883613358, 1.0248485086284158, 1.0297538738412244, 1.0239984566034865, 1.0391428157294795]
['LLVM_50_w_iP(50)', 1.0766922535962586, 1.0672947980723742, 1.0640875967592913, 1.050608227973332, 1.0530373569551925, 1.0576315080913785, 1.0409586374158399, 1.0576037857779796, 1.0587101266439116, 1.0587072352278366]
['LLVM_75_w_iP(50)', 1.0902005884022907, 1.1003114103651668, 1.0941696107529524, 1.125689016543358, 1.1073668114582167, 1.1189276929923631, 1.0926953080882091, 1.0631891315174511, 1.10567251449521, 1.070689262778072]
['LLVM_25_iP(50)', 1.0259788527157785, 1.0229994476920177, 1.0298520625086649, 1.0402955875386166, 1.0380279747359595, 1.0262918998099662, 1.0336796483952246, 1.0312377916262083, 1.043713454716948, 1.0328454810294085]
['LLVM_50_iP(50)', 1.04626081426953, 1.0848828264555852, 1.0780811509733252, 1.0655566512488885, 1.0796258849784581, 1.0784171677570724, 1.0716003395026918, 1.0771510572126324, 1.0859042219458255, 1.052801946822886]
['LLVM_75_iP(50)', 1.1213172328602559, 1.0804498931344997, 1.1019084300213347, 1.1233978334655779, 1.1158828227298085, 1.1340286726593884, 1.0617722696830358, 1.0839367676331848, 1.1138660620802239, 1.125689016543358]
['LLVM_25_w_iP(75)', 1.0169345928796953, 1.0241324352633587, 1.0185073047008326, 1.0282314100283192, 1.0217137601948563, 1.0221206490334358, 1.0169250661362057, 1.0243490801276141, 1.0266940248575283, 1.0264081174641135]
['LLVM_50_w_iP(75)', 1.078039950335548, 1.0710765535599232, 1.0725493571397413, 1.0759321826999471, 1.0747045790047016, 1.0456177942645049, 1.0534197797973222, 1.0381671474213625, 1.0621042910666696, 1.0622378718155716]
['LLVM_75_w_iP(75)', 1.0796355158430027, 1.0873045608058549, 1.0759304728158863, 1.1230650583596093, 1.0750647031257545, 1.0915958193188449, 1.0986318095125751, 1.1007824108915008, 1.0745916646854703, 1.0615463641117442]
['LLVM_25_iP(75)', 1.0270305335481522, 1.0298032110905704, 1.0281586333236268, 1.0337370625467839, 1.0434953681254662, 1.0360490390605612, 1.0199904626778993, 1.0422553853126229, 1.0317384734181752, 1.0324662450751274]
['LLVM_50_iP(75)', 1.0728713592187722, 1.0636604960139044, 1.0583990051234431, 1.0728072781407614, 1.07775178137404, 1.0843898091774575, 1.0446338685226739, 1.0626594794481503, 1.0768532918162093, 1.0517893279098551]
['LLVM_75_iP(75)', 1.1086236317724976, 1.0947823262566172, 1.1129660938732959, 1.1395427460561447, 1.1170660461324713, 1.0794172685422823, 1.0968577047367825, 1.0869545622413164, 1.0932332161025373, 1.1087068017672441]
