['SQL_baseline', 0.99848200422556754, 1.0007606444387553, 0.99965313115129029, 1.0006208916588466, 1.0008991277827319, 1.0006228252347904, 0.99889128998149612, 0.99895823715897647, 0.99903174913068482, 1.0]
['SQL_25_w', 1.0046709697253613, 1.0046614787969863, 1.0053695720702447, 1.0008331655922409, 1.0057103575475188, 1.0049305625738187, 0.99888874883531242, 1.0004884494677397, 1.0049295354984293, 1.0064151739888765]
['SQL_50_w', 0.99752047306029357, 1.0027795123636709, 1.0181243681111936, 1.0036163882623841, 1.0085064663600396, 1.0109530170014041, 1.0118773198879445, 1.0098298797654961, 1.0090718852151463, 1.0080486961267128]
['SQL_75_w', 1.0010432180677304, 1.0102367908300627, 1.0176177727892153, 1.026478323829537, 1.012905036501218, 1.0140361266485418, 1.0092825497768669, 1.0274400845161382, 1.0319589075074675, 1.017055027235072]
['SQL_25', 1.0054998271780708, 1.0079459343043569, 0.99944248267403091, 1.0034025266508628, 1.0060488000366539, 1.0023669898562888, 1.0041029217516861, 1.0039641255557794, 1.0069478485310976, 1.00473734424892]
['SQL_50', 1.005717923066058, 1.0134964921124801, 1.0093072340234692, 1.0091416971037184, 1.0064008910249447, 1.0096335420676232, 1.0085774158751524, 1.0089454370859541, 1.0121377519729542, 1.0139825323215308]
['SQL_75', 1.0512726345490369, 1.0271438967512012, 1.0262932500192312, 1.0320943792657158, 1.0279780320697585, 1.0304418898065941, 1.0274787883446139, 1.0275901653885455, 1.0503057645363127, 1.0178331783200867]
['SQL_25_w_iP(25)', 1.0068392469480625, 1.0, 1.0039737981569299, 1.0015990935751209, 1.0031348016530091, 1.0050062928447239, 1.0004854684542399, 1.0024943014439514, 1.0053572436881697, 1.0039016728735564]
['SQL_50_w_iP(25)', 1.0066661841233127, 1.0173093366004664, 1.0067746978038647, 1.0099176002202284, 1.0155125514696588, 1.011833120745375, 1.0169443987003799, 1.0090622175531148, 1.0160416296645109, 1.0136159630942501]
['SQL_75_w_iP(25)', 1.0396642864027128, 1.0351281247558664, 1.0170934184931784, 1.0255776491567399, 1.040958842212486, 1.049655174896605, 1.0318366839009712, 1.0204096408392442, 1.0321958343741169, 1.0481769663051967]
['SQL_25_iP(25)', 1.003607607005186, 1.0071721806808069, 1.0042422888608529, 1.003825775595053, 1.0062827332486022, 1.0085094330410471, 1.0066133149002767, 1.0006942193035204, 1.0026401797914333, 1.0050895874033876]
['SQL_50_iP(25)', 1.0238414542184533, 1.0113986087159028, 1.0142053207112103, 1.0141300003204614, 1.0085822039392498, 1.01552182322061, 1.0137522168351181, 1.0088557849682145, 1.017434037584086, 1.0137688868218686]
['SQL_75_iP(25)', 1.0298603647315026, 1.0184533092525754, 1.0537822408913748, 1.0256683310942531, 1.0221451626735349, 1.0809822404314213, 1.03675992221596, 1.0538982818838889, 1.0328163682456712, 1.0262504348030834]
['SQL_25_w_iP(50)', 1.0032700153664116, 1.0051349249610997, 1.0070099828016936, 1.0018013040640639, 1.0040336995441013, 1.007199821237726, 1.0012508442403341, 1.0037450518098681, 1.0033980434200904, 1.0056312798284288]
['SQL_50_w_iP(50)', 1.0089391230911862, 1.0046050785487088, 1.0055861967147548, 1.0051356376479821, 1.0164362839449639, 1.0082373495349897, 1.0120928518555652, 1.0068273353858748, 1.0135144484228547, 1.010401408016097]
['SQL_75_w_iP(50)', 1.0342922507172057, 1.0219242243699178, 1.020139908624913, 1.0258810701899037, 1.0256246488792331, 1.054472457578727, 1.0207407173178171, 1.0261442165809593, 1.0176379288674946, 1.0226725015983538]
['SQL_25_iP(50)', 1.0040271913053935, 1.0103554271889801, 1.0080650225117658, 1.0061158035943891, 1.0049271408698093, 1.0036782215976616, 0.9999306081585736, 1.0064713281216924, 1.0031902685136602, 1.0065550810091124]
['SQL_50_iP(50)', 1.0138449327850292, 1.005445031043847, 1.0144133363944605, 1.0095137935529614, 1.009834679155807, 1.0006240344312005, 1.0107609729357343, 1.0125429123373422, 1.002844876981503, 1.0176511565379907]
['SQL_75_iP(50)', 1.0546276399583614, 1.0497773994295077, 1.0299879260575298, 1.0300805419377066, 1.027760013698785, 1.0375125339902938, 1.0233512542045484, 1.0080167144633998, 1.0136341445563555, 1.0296712551471032]
['SQL_25_w_iP(75)', 1.0047254925754237, 1.0042390457849153, 1.0052855007410393, 1.0027064893533943, 1.0023603191502111, 1.0016620615335254, 1.0041000704552565, 0.99874845994395456, 1.0006223945020873, 1.0]
['SQL_50_w_iP(75)', 1.0097345707834509, 1.0031893174725721, 1.0080977435965512, 1.0013844319501624, 1.0053827097283445, 1.0071239165842021, 1.0097033117497805, 1.0039644011120408, 1.0102055019529459, 1.0083146645414673]
['SQL_75_w_iP(75)', 1.0072133682441753, 1.0151951882485319, 1.0112241210892747, 1.0228562991954084, 1.0226320882882505, 1.0257300766359929, 1.021627345320002, 1.0166631844556244, 1.0148195282868793, 1.0475155837266106]
['SQL_25_iP(75)', 1.0054279797693622, 1.0029989724289157, 1.0031232701497621, 1.0033252082177853, 0.99972348191571725, 1.0074668772869384, 1.0055636640461127, 0.99639439425711107, 1.0086562339244294, 1.005205855839814]
['SQL_50_iP(75)', 1.0127335169243661, 1.0031193731743029, 1.0099825902007815, 1.011937206487169, 1.0149201139174033, 1.0069979273433642, 1.0062033698663646, 1.0139894129750924, 1.0058568981832643, 1.0126164820213643]
['SQL_75_iP(75)', 1.0421447368837611, 1.054472457578727, 1.0419797231202348, 1.0525434912197211, 1.0257010657251211, 1.0181805302283597, 1.0249768872877849, 1.0508746312418835, 1.0564440112733429, 1.0262108284556584]
