['X264_baseline', 1.0000219367078755, 0.99882116178750757, 0.99784340587307008, 1.0002956696972114, 1.0015552715275255, 0.99994279639855088, 1.0, 1.0004128599335327, 1.0, 1.000405203231947]
['X264_25_w', 1.0986880790693194, 1.0616453749258978, 1.2324137837674536, 1.0441953055357327, 1.0739926659734005, 1.0359444900202464, 1.0919512448741076, 1.0629626904528078, 1.0584433617617766, 1.0473598985239994]
['X264_50_w', 1.5455361399919973, 1.148407163099594, 1.2003162920997197, 1.0929580962059149, 1.2566080025502917, 1.0920461037460043, 1.1662880027311617, 1.0989140074445753, 1.0610793275226083, 1.1032511127025084]
['X264_75_w', 1.4571943634284712, 1.1658385735837438, 1.4998135290372911, 1.6601326058996366, 1.2115942787261613, 1.5311576839272345, 1.1572647654967876, 1.2360361571578675, 1.1072120117490376, 1.2310858971322851]
['X264_25', 1.0606654191877676, 1.0513393841687606, 1.0740416394242369, 1.0504724481582453, 1.1175118687328698, 1.1980540902345023, 1.1718717036427133, 1.1649004977272523, 1.0781952137453938, 1.080069494392911]
['X264_50', 1.5063801410769628, 1.6079715049560164, 1.5097533875690134, 1.1625103946846573, 1.6621791374908903, 1.4936346590397738, 1.4507958622238779, 1.5983567314591223, 1.2267095484897557, 1.4950318825434432]
['X264_75', 1.215454272106957, 1.5540010185742574, 1.6871039263381822, 1.5957118247251167, 1.6551277624163767, 1.6440059838561747, 1.6641634923596615, 1.2254340107640507, 1.6375719665707753, 1.6830239758354637]
['X264_25_w_iP(25)', 1.1753268879508976, 1.0439680798107633, 1.1483407597136661, 1.0742080695286575, 1.1446704910679411, 1.1320380756293595, 1.1345655063649485, 1.0816554760412371, 1.0810507672144916, 1.2077179507995655]
['X264_50_w_iP(25)', 1.2046500095677002, 1.6151352527755629, 1.2252609223857491, 1.1406524271782301, 1.2531046228883154, 1.635857831142995, 1.2026351518330112, 1.5323013150473717, 1.59084615744652, 1.5058305540858425]
['X264_75_w_iP(25)', 1.5097063344424184, 1.7747785823204056, 1.7084048638536546, 1.6299156830388302, 1.1981227686984233, 1.6576051264339431, 1.5674842679208467, 1.6584532985955265, 1.5062483738071253, 1.7005957185928877]
['X264_25_iP(25)', 1.1145680382483401, 1.0271147235677605, 1.1813615589416653, 1.0368944066826287, 1.4314530714851912, 1.0565289137537806, 1.1876526912291201, 1.182529105368354, 1.0803298437803088, 1.1907329642013456]
['X264_50_iP(25)', 1.5309515554277466, 1.5155744186676803, 1.5887598561522185, 1.2146581363394311, 1.2081889254860758, 1.0929614304541586, 1.2897244695341632, 1.5641829077328844, 1.5771995133463055, 1.2143403112008031]
['X264_75_iP(25)', 1.6894259099310536, 1.6103664641443436, 1.6294420496197357, 1.7565488889177212, 1.614450331228571, 1.6459466343529612, 1.5068066329800072, 1.6069458610894232, 1.6803261021020701, 1.6507912971866368]
['X264_25_w_iP(50)', 1.0928400022255897, 1.1771533372225271, 1.0602023431935184, 1.1961085233238828, 1.0940181457671121, 1.0699510182745431, 1.0791618528900764, 1.1912852752490233, 1.0805452711633996, 1.1875062504893523]
['X264_50_w_iP(50)', 1.2162279068225879, 1.5043083275852831, 1.5430511793904875, 1.1999842186438661, 1.5436836596530934, 1.2086358954052951, 1.4922682796413447, 1.611243555454245, 1.5664588851303316, 1.612933014600779]
['X264_75_w_iP(50)', 1.6646756104548466, 1.2148615377429857, 1.6407103625625432, 1.6551190540172496, 1.5438807700687325, 1.5533848661909351, 1.6508948106021217, 1.5261630539615916, 1.6330036791630786, 1.5609110911280926]
['X264_25_iP(50)', 1.0727107642148701, 1.0692087880406671, 1.2031060361923998, 1.071632646359598, 1.1176801174641084, 1.0594423770140671, 1.2757088496571698, 1.043154380334631, 1.0748481628033242, 1.0790412489427093]
['X264_50_iP(50)', 1.5432679856916327, 1.262266887627929, 1.2850964454179286, 1.2102870350468913, 1.2780376908622584, 1.2366517601646438, 1.49044556180229, 1.5627046412278709, 1.5920661775805847, 1.5411098075630763]
['X264_75_iP(50)', 1.616048283355739, 1.6662693849038945, 1.5193347769208916, 1.625134814453906, 1.7259439195753916, 1.6541033640814296, 1.6620646131807273, 1.6734924886322762, 1.6121305766591552, 1.6553601115733634]
['X264_25_w_iP(75)', 1.0873105332319282, 1.2137785351476467, 1.0520522290968226, 1.2114161784338664, 1.0721511896330536, 1.063352006947522, 1.0795967043251691, 1.0682391481516158, 1.0565014673856448, 1.0725814443571091]
['X264_50_w_iP(75)', 1.2270572433876585, 1.2394254476402462, 1.2193759783758409, 1.5409777219091803, 1.2155642427143476, 1.226356487767537, 1.2611622116046224, 1.4322505467900284, 1.545008796335855, 1.2315783717436042]
['X264_75_w_iP(75)', 1.2668865048462099, 1.731563610471901, 1.6845543916120296, 1.6621410326935437, 1.6792712815145827, 1.6760531918081758, 1.5991370808920964, 1.7088826289576706, 1.5384614653713709, 1.5048095049796308]
['X264_25_iP(75)', 1.0168724941240053, 1.0872207225851735, 1.0927487896887513, 1.0694389579011996, 1.0814727853683415, 1.08578403519072, 1.1057188885860583, 1.1166501479464859, 1.0601429911998894, 1.2580939170468388]
['X264_50_iP(75)', 1.4822392993328752, 1.5090748393498987, 1.6534222363045279, 1.4631015124386804, 1.5317840001980536, 1.5706092984027804, 1.1620632521371985, 1.6025185344632404, 1.2143866736559035, 1.4642845048586774]
['X264_75_iP(75)', 1.5456966827278069, 1.5930196983199296, 1.5550398288353198, 1.518986527196454, 1.7262929457478582, 1.1987897825447966, 1.5569311911355068, 1.640049965321829, 1.6560837729683135, 1.718473734873778]
