['lucene_Base', 0.1342281879194631, 0.0851063829787234, 0.03597122302158273, 0.06428571428571428, 0.07042253521126761, 0.007194244604316547, 0.11564625850340136, 0.02142857142857143, 0.041379310344827586, 0.12666666666666668, 0.035211267605633804, 0.06578947368421052]
['lucene_0.25', 0.13076923076923078, 0.1095890410958904, 0.1048951048951049, 0.28169014084507044, 0.11188811188811189, 0.21678321678321677, 0.10638297872340426, 0.18439716312056736, 0.20134228187919462, 0.11805555555555555, 0.20714285714285716, 0.14814814814814814]
['lucene_0.5', 0.2805755395683453, 0.25757575757575757, 0.24675324675324675, 0.2887323943661972, 0.2302158273381295, 0.3333333333333333, 0.22916666666666666, 0.32666666666666666, 0.20454545454545456, 0.4189189189189189, 0.23943661971830985, 0.20408163265306123]
['lucene_0.75', 0.48226950354609927, 0.3380281690140845, 0.41216216216216217, 0.3829787234042553, 0.3125, 0.32867132867132864, 0.30405405405405406, 0.19858156028368795, 0.34306569343065696, 0.5035971223021583, 0.2733812949640288, 0.2937062937062937]
['lucene_0.25_w', 0.15753424657534246, 0.2214765100671141, 0.14184397163120568, 0.15172413793103448, 0.22, 0.22916666666666666, 0.16312056737588654, 0.21232876712328766, 0.2709677419354839, 0.16783216783216784, 0.17567567567567569, 0.20689655172413793]
['lucene_0.5_w', 0.22302158273381295, 0.26, 0.2676056338028169, 0.32, 0.15671641791044777, 0.2357142857142857, 0.2465753424657534, 0.15492957746478872, 0.15436241610738255, 0.22627737226277372, 0.3197278911564626, 0.16666666666666666]
['lucene_0.75_w', 0.5138888888888888, 0.45, 0.36363636363636365, 0.539568345323741, 0.38571428571428573, 0.25, 0.3561643835616438, 0.5, 0.35664335664335667, 0.5142857142857142, 0.25675675675675674, 0.3142857142857143]
['lucene_0.25_w_iP(25%)', 0.14864864864864866, 0.0896551724137931, 0.0410958904109589, 0.061224489795918366, 0.04580152671755725, 0.07432432432432433, 0.07692307692307693, 0.04964539007092199, 0.050724637681159424, 0.04895104895104895, 0.07092198581560284, 0.0738255033557047]
['lucene_0.25_w_iP(50%)', 0.17482517482517482, 0.10135135135135136, 0.17567567567567569, 0.11724137931034483, 0.07913669064748201, 0.10638297872340426, 0.11888111888111888, 0.06756756756756757, 0.23404255319148937, 0.1048951048951049, 0.13986013986013987, 0.10273972602739725]
['lucene_0.25_w_iP(75%)', 0.07575757575757576, 0.14184397163120568, 0.19727891156462585, 0.15328467153284672, 0.07801418439716312, 0.12857142857142856, 0.09219858156028368, 0.18309859154929578, 0.14184397163120568, 0.18620689655172415, 0.14383561643835616, 0.16083916083916083]
['lucene_0.5_w_iP(25%)', 0.1360544217687075, 0.12857142857142856, 0.13286713286713286, 0.12080536912751678, 0.12837837837837837, 0.1503267973856209, 0.1310344827586207, 0.1223021582733813, 0.1476510067114094, 0.10738255033557047, 0.1232876712328767, 0.10638297872340426]
['lucene_0.5_w_iP(50%)', 0.26666666666666666, 0.2727272727272727, 0.16312056737588654, 0.2945205479452055, 0.23809523809523808, 0.22818791946308725, 0.1310344827586207, 0.2847222222222222, 0.18493150684931506, 0.32413793103448274, 0.1897810218978102, 0.18620689655172415]
['lucene_0.5_w_iP(75%)', 0.2642857142857143, 0.24285714285714285, 0.2537313432835821, 0.3586206896551724, 0.2302158273381295, 0.24666666666666667, 0.2097902097902098, 0.42105263157894735, 0.21232876712328766, 0.1865671641791045, 0.26811594202898553, 0.1597222222222222]
['lucene_0.75_w_iP(25%)', 0.14965986394557823, 0.15384615384615385, 0.1643835616438356, 0.1232876712328767, 0.2112676056338028, 0.058394160583941604, 0.28378378378378377, 0.16312056737588654, 0.2152777777777778, 0.16058394160583941, 0.11888111888111888, 0.1276595744680851]
['lucene_0.75_w_iP(50%)', 0.25333333333333335, 0.25, 0.2702702702702703, 0.2482758620689655, 0.5, 0.3157894736842105, 0.21621621621621623, 0.2222222222222222, 0.323943661971831, 0.23943661971830985, 0.2463768115942029, 0.1888111888111888]
['lucene_0.75_w_iP(75%)', 0.2191780821917808, 0.23404255319148937, 0.26973684210526316, 0.2624113475177305, 0.3380281690140845, 0.27586206896551724, 0.21768707482993196, 0.22448979591836735, 0.3986013986013986, 0.3493150684931507, 0.381294964028777, 0.38]
['lucene_0.25_iP(25%)', 0.07801418439716312, 0.12142857142857143, 0.05405405405405406, 0.09655172413793103, 0.09285714285714286, 0.033783783783783786, 0.08108108108108109, 0.09420289855072464, 0.08450704225352113, 0.10416666666666667, 0.08029197080291971, 0.12582781456953643]
['lucene_0.25_iP(50%)', 0.06711409395973154, 0.19607843137254902, 0.1360544217687075, 0.0896551724137931, 0.09929078014184398, 0.16312056737588654, 0.06993006993006994, 0.08163265306122448, 0.1388888888888889, 0.11428571428571428, 0.13013698630136986, 0.10869565217391304]
['lucene_0.25_iP(75%)', 0.10067114093959731, 0.22875816993464052, 0.16666666666666666, 0.2116788321167883, 0.16891891891891891, 0.1386861313868613, 0.11267605633802817, 0.14093959731543623, 0.16556291390728478, 0.21052631578947367, 0.13286713286713286, 0.20279720279720279]
['lucene_0.5_iP(25%)', 0.13286713286713286, 0.06944444444444445, 0.11805555555555555, 0.08823529411764706, 0.17105263157894737, 0.0962962962962963, 0.14482758620689656, 0.09395973154362416, 0.10067114093959731, 0.1095890410958904, 0.11188811188811189, 0.17105263157894737]
['lucene_0.5_iP(50%)', 0.3146853146853147, 0.23448275862068965, 0.1506849315068493, 0.22142857142857142, 0.16901408450704225, 0.1267605633802817, 0.24444444444444444, 0.2013888888888889, 0.15714285714285714, 0.17123287671232876, 0.14685314685314685, 0.2549019607843137]
['lucene_0.5_iP(75%)', 0.34459459459459457, 0.24324324324324326, 0.2536231884057971, 0.1875, 0.1793103448275862, 0.18248175182481752, 0.21621621621621623, 0.30201342281879195, 0.2679738562091503, 0.2080536912751678, 0.12056737588652482, 0.20261437908496732]
['lucene_0.75_iP(25%)', 0.21232876712328766, 0.1503267973856209, 0.08823529411764706, 0.12751677852348994, 0.20833333333333334, 0.11805555555555555, 0.2112676056338028, 0.18791946308724833, 0.15942028985507245, 0.0958904109589041, 0.10344827586206896, 0.15827338129496402]
['lucene_0.75_iP(50%)', 0.2517985611510791, 0.3233082706766917, 0.3356164383561644, 0.16216216216216217, 0.2642857142857143, 0.12318840579710146, 0.2867132867132867, 0.4, 0.2013888888888889, 0.5277777777777778, 0.24822695035460993, 0.25]
['lucene_0.75_iP(75%)', 0.22627737226277372, 0.4966887417218543, 0.39285714285714285, 0.22972972972972974, 0.2785714285714286, 0.21014492753623187, 0.32450331125827814, 0.3356643356643357, 0.21428571428571427, 0.48201438848920863, 0.4338235294117647, 0.323943661971831]
