['xalan_Base', 0.10227272727272728, 0.0898876404494382, 0.12698412698412698, 0.18385650224215247, 0.1124031007751938, 0.07692307692307693, 0.12658227848101267, 0.1380952380952381, 0.06521739130434782, 0.11885245901639344, 0.08365019011406843, 0.12167300380228137]
['xalan_0.25', 0.1821705426356589, 0.37916666666666665, 0.2914572864321608, 0.20233463035019456, 0.19583333333333333, 0.13934426229508196, 0.17358490566037735, 0.2153846153846154, 0.33175355450236965, 0.22267206477732793, 0.24436090225563908, 0.14566929133858267]
['xalan_0.5', 0.5285714285714286, 0.3125, 0.24124513618677043, 0.3169811320754717, 0.27037037037037037, 0.21912350597609562, 0.25206611570247933, 0.39919354838709675, 0.29017857142857145, 0.38247011952191234, 0.3940677966101695, 0.4666666666666667]
['xalan_0.75', 0.5830258302583026, 0.24413145539906103, 0.10116731517509728, 0.5280373831775701, 0.44881889763779526, 0.10358565737051793, 0.5338645418326693, 0.27091633466135456, 0.3886792452830189, 0.3950617283950617, 0.5732217573221757, 0.36403508771929827]
['xalan_0.25_w', 0.2145748987854251, 0.2146118721461187, 0.1814516129032258, 0.21923076923076923, 0.15853658536585366, 0.16877637130801687, 0.12449799196787148, 0.18867924528301888, 0.24615384615384617, 0.1825726141078838, 0.16917293233082706, 0.1450381679389313]
['xalan_0.5_w', 0.2669902912621359, 0.271889400921659, 0.2627450980392157, 0.30278884462151395, 0.3252032520325203, 0.43781094527363185, 0.203125, 0.2823529411764706, 0.20146520146520147, 0.3193916349809886, 0.47368421052631576, 0.33668341708542715]
['xalan_0.75_w', 0.39896373056994816, 0.46443514644351463, 0.16923076923076924, 0.42084942084942084, 0.18473895582329317, 0.41767068273092367, 0.6009852216748769, 0.5059288537549407, 0.4444444444444444, 0.5354330708661418, 0.34375, 0.4326923076923077]
['xalan_0.25_w_iP(25%)', 0.09126984126984126, 0.12734082397003746, 0.18326693227091634, 0.12757201646090535, 0.10267857142857142, 0.13100436681222707, 0.10727969348659004, 0.027149321266968326, 0.0860655737704918, 0.14393939393939395, 0.10931174089068826, 0.27615062761506276]
['xalan_0.25_w_iP(50%)', 0.19367588932806323, 0.1946564885496183, 0.08679245283018867, 0.26422764227642276, 0.11320754716981132, 0.13584905660377358, 0.13385826771653545, 0.1607843137254902, 0.10227272727272728, 0.11851851851851852, 0.15510204081632653, 0.10222222222222223]
['xalan_0.25_w_iP(75%)', 0.1688888888888889, 0.26523297491039427, 0.1821705426356589, 0.1553030303030303, 0.2681818181818182, 0.22357723577235772, 0.16044776119402984, 0.3541666666666667, 0.21266968325791855, 0.19011406844106463, 0.09795918367346938, 0.19852941176470587]
['xalan_0.5_w_iP(25%)', 0.08712121212121213, 0.11155378486055777, 0.20146520146520147, 0.19696969696969696, 0.1111111111111111, 0.15625, 0.15730337078651685, 0.0942622950819672, 0.21568627450980393, 0.125, 0.1902834008097166, 0.26104417670682734]
['xalan_0.5_w_iP(50%)', 0.2627118644067797, 0.19157088122605365, 0.1799163179916318, 0.10714285714285714, 0.0967741935483871, 0.2558139534883721, 0.32905982905982906, 0.13861386138613863, 0.13565891472868216, 0.12301587301587301, 0.12244897959183673, 0.2396694214876033]
['xalan_0.5_w_iP(75%)', 0.17670682730923695, 0.19230769230769232, 0.3438735177865613, 0.3053435114503817, 0.22957198443579765, 0.1511627906976744, 0.43023255813953487, 0.2950191570881226, 0.23412698412698413, 0.10902255639097744, 0.3101851851851852, 0.23809523809523808]
['xalan_0.75_w_iP(25%)', 0.1, 0.12890625, 0.15859030837004406, 0.09623430962343096, 0.1016260162601626, 0.20676691729323307, 0.15510204081632653, 0.30927835051546393, 0.09090909090909091, 0.17716535433070865, 0.17100371747211895, 0.035175879396984924]
['xalan_0.75_w_iP(50%)', 0.23684210526315788, 0.19902912621359223, 0.09881422924901186, 0.3308550185873606, 0.1867704280155642, 0.3745173745173745, 0.1686746987951807, 0.24696356275303644, 0.3640552995391705, 0.17898832684824903, 0.25365853658536586, 0.2094017094017094]
['xalan_0.75_w_iP(75%)', 0.5983935742971888, 0.578125, 0.30980392156862746, 0.337037037037037, 0.10181818181818182, 0.28517110266159695, 0.28112449799196787, 0.21031746031746032, 0.30666666666666664, 0.4037735849056604, 0.40816326530612246, 0.3169811320754717]
['xalan_0.25_iP(25%)', 0.12992125984251968, 0.08396946564885496, 0.07916666666666666, 0.1087866108786611, 0.128, 0.14559386973180077, 0.13100436681222707, 0.10975609756097561, 0.25311203319502074, 0.04326923076923077, 0.0984251968503937, 0.10204081632653061]
['xalan_0.25_iP(50%)', 0.07480314960629922, 0.13438735177865613, 0.11507936507936507, 0.20080321285140562, 0.15486725663716813, 0.2543103448275862, 0.33852140077821014, 0.1991701244813278, 0.18357487922705315, 0.14885496183206107, 0.10743801652892562, 0.15708812260536398]
['xalan_0.25_iP(75%)', 0.16055045871559634, 0.17117117117117117, 0.15, 0.17982456140350878, 0.20704845814977973, 0.124, 0.17194570135746606, 0.24401913875598086, 0.2900763358778626, 0.19696969696969696, 0.1744186046511628, 0.14942528735632185]
['xalan_0.5_iP(25%)', 0.023474178403755867, 0.12735849056603774, 0.06854838709677419, 0.12213740458015267, 0.19305019305019305, 0.13095238095238096, 0.13636363636363635, 0.11206896551724138, 0.14068441064638784, 0.2631578947368421, 0.12686567164179105, 0.15057915057915058]
['xalan_0.5_iP(50%)', 0.13114754098360656, 0.37083333333333335, 0.132, 0.27586206896551724, 0.19615384615384615, 0.07563025210084033, 0.08737864077669903, 0.3295880149812734, 0.1, 0.15057915057915058, 0.15079365079365079, 0.17355371900826447]
['xalan_0.5_iP(75%)', 0.3, 0.24481327800829875, 0.30434782608695654, 0.1946564885496183, 0.21544715447154472, 0.3609022556390977, 0.21509433962264152, 0.208, 0.2890995260663507, 0.1796875, 0.32, 0.30916030534351147]
['xalan_0.75_iP(25%)', 0.17647058823529413, 0.23921568627450981, 0.19545454545454546, 0.17829457364341086, 0.1839080459770115, 0.09836065573770492, 0.07476635514018691, 0.15918367346938775, 0.15625, 0.16728624535315986, 0.07692307692307693, 0.11219512195121951]
['xalan_0.75_iP(50%)', 0.18777292576419213, 0.16355140186915887, 0.13909774436090225, 0.19718309859154928, 0.0912863070539419, 0.2782608695652174, 0.2964426877470356, 0.39473684210526316, 0.21686746987951808, 0.43656716417910446, 0.34274193548387094, 0.20532319391634982]
['xalan_0.75_iP(75%)', 0.13953488372093023, 0.17307692307692307, 0.2701612903225806, 0.3282442748091603, 0.2318181818181818, 0.296875, 0.2935323383084577, 0.3187250996015936, 0.36046511627906974, 0.24899598393574296, 0.21717171717171718, 0.3867924528301887]
