['Apache\\_baseline', 0.0, 0.0, 0.0, 0.0, 0.0, 0.0, 0.0, 0.0, 0.0, 0.0, 0.0, 0.0, 0.0, 0.0, 0.0, 0.0, 0.0, 0.0, 0.0, 0.0, 0.0, 0.0, 0.0, 0.0]
['Apache\\_25', 7.00265373352855, 7.666405978449774, 8.019459792634336, 11.097490304462177, 4.467950742027155, 5.336904551089074, 11.963303550077175, 7.460890493381468, 9.391920928233777, 8.149715288874885, 10.02567338235934, 9.24747529590618, 7.340704689707763, 12.705385427666315, 10.19234789880828, 7.675149087267265, 7.777511283605521, 5.7212149208915575, 10.732900512070227, 11.64768509681661, 6.7256008173781705, 4.982920110192837, 6.053407241212441, 7.692988668555241]
['Apache\\_50', 14.025419962669984, 13.539748573507014, 18.885733199513123, 20.17146518770577, 20.662698579033407, 14.638576098801307, 17.353980811311228, 10.444188314566894, 13.74484679665738, 19.48696549755123, 15.545209090715819, 12.799912194051148, 16.40990248897992, 12.748753425272898, 18.427939915106997, 14.50436661564779, 12.76116207261827, 18.63990514905149, 17.99488693965707, 16.410267877107465, 13.63697164258962, 14.857588047936574, 14.771631454370123, 13.209764317229453]
['Apache\\_75', 23.8266029047113, 27.089865312431, 22.01971443394311, 21.643169226611413, 22.898570092209006, 14.532847900192472, 22.421036253306365, 24.501617557051674, 23.818617871735654, 21.50047567424058, 24.02344180308004, 20.9198606271777, 23.087286862797068, 20.229864615521418, 27.771750922108918, 18.856455814574844, 24.42390313761229, 27.75513762067688, 26.753990093560816, 24.15655133295519, 22.656554712892742, 19.551639527102388, 20.249532959701096, 24.178557402801413]
['Apache\\_25\\_w', 7.548265038483037, 4.298563506964153, 1.5718752640919462, 6.9538502937614926, 5.9039778105531955, 5.903723887375113, 2.383314640669485, 4.022310415102435, 8.289363484087103, 0.5129491154477476, 4.309060685218367, 5.093958689237459, 7.734949634390976, 8.893040424957235, 4.534738902232897, 4.138758590596706, 3.191512874350757, 5.9786476868327405, 4.096325719960278, 3.932753573273635, 7.07781167757412, 6.558926802917079, 4.06825025092004, 9.592740628713406]
['Apache\\_50\\_w', 12.625528541226215, 17.671740200800635, 8.896221818665014, 9.72789265773619, 15.25774904690867, 11.752080595707403, 13.380145174144356, 13.89439458388081, 16.837708562574388, 10.795930851666402, 10.827952818781228, 9.980302035456337, 13.063922281861332, 11.4808299599432, 14.585481099656358, 5.051836625256949, 11.194877846247978, 13.644416931713877, 7.099127541116491, 10.668472968968292, 16.20607151480563, 8.639743271034373, 5.965965965965966, 9.147742334540956]
['Apache\\_75\\_w', 16.994193836534166, 18.02230802230802, 23.61934005103144, 21.167444963308874, 18.691631257242836, 22.075852544353552, 19.551103277481538, 17.00952000532588, 12.5648390277361, 17.47886513521887, 17.11459336426508, 20.108923334729788, 18.56386571098669, 10.555010358739505, 22.45775935089831, 21.500763633096756, 16.449136276391556, 18.525887703340914, 19.585763120852604, 13.878892192145203, 15.017487454652098, 14.306345338026897, 13.028476589797345, 10.214857975236708]
['Apache\\_25\\_w\\_iP(25)', 6.232294617563739, 10.416159110540187, 11.24946604015378, 11.92458482005198, 5.498305553634415, 8.65489904077789, 4.770076293393317, 8.533165840418134, 6.505390957687777, 8.813885367026625, 12.685373340827532, 8.315126317799036, 4.332196093696334, 2.5940860215053765, 7.991208990393329, 9.090301748134952, 5.051649450183272, 4.698972099853157, 7.570730395014124, 8.206053575648214, 8.322554747781098, 8.334225113969564, 8.930933219753861, 7.949034476677542]
['Apache\\_50\\_w\\_iP(25)', 16.71622437344899, 15.976357756217242, 12.68427124727599, 11.43112102621305, 14.972631391571358, 16.25521892730971, 12.665783981508493, 15.837747909461056, 15.524906995735414, 16.63106104745258, 16.96366140480983, 19.25677139761647, 18.659119126281013, 14.071704030173327, 12.345817952642477, 11.00121694877752, 14.686475954299885, 15.03524763144897, 13.94302514644631, 11.752072604669422, 12.612592576118141, 15.96412178380427, 16.495328097396932, 15.46605998293702]
['Apache\\_75\\_w\\_iP(25)', 15.364703707127669, 26.23899153859437, 22.393715538713728, 17.1544329010208, 20.575060131959308, 22.668898825913608, 26.25674030266133, 27.08296712954825, 23.7654452947967, 25.810337275514673, 20.235707686414134, 26.597431602456727, 18.68657646430479, 24.527921961696798, 25.460369993211135, 22.837787472869575, 20.805338762583418, 26.63685510244944, 21.940946976414256, 23.345355969583498, 25.151304044934037, 28.099645030425965, 28.05346345603055, 30.10537828912774]
