['Apache\\_baseline', 0.0, 0.0, 0.0, 0.0, 0.0, 0.0, 0.0, 0.0, 0.0, 0.0, 0.0, 0.0, 0.0, 0.0, 0.0, 0.0, 0.0, 0.0, 0.0, 0.0, 0.0, 0.0, 0.0, 0.0]
['Apache\\_25', 7.656668569671951, 6.390478469940599, 7.387375205643071, 6.277692476420268, 8.05916629314209, 11.18518833071468, 6.631011484945985, 8.439989259822788, 10.514895740664395, 5.384650133261056, 8.145844362096348, 7.390039511962138, 5.025925589011189, 11.435496549917023, 11.613681757656458, 6.4224558361330875, 8.307954138301683, 6.927485122327529, 9.239250275633959, 11.899954406304957, 8.970607221241984, 10.323487454896366, 10.99671164531126, 6.418404213642102]
['Apache\\_50', 15.296642089163832, 13.236559626794692, 16.780413822987757, 15.348907180159463, 13.80883548649381, 12.689168321200087, 18.39004075846181, 9.410334087127191, 11.011755468801116, 20.445587686180144, 12.53563696383786, 9.331672698218734, 21.21762442167164, 16.3993903093536, 21.90942208618051, 11.81794276197572, 13.732601895089994, 16.57414407603413, 16.175716117999144, 19.13738019169329, 16.994504212022832, 11.187508317437786, 15.8724264554194, 16.41656469375926]
['Apache\\_75', 25.515397775876817, 21.816955250730828, 19.38723816656021, 24.77587076127222, 20.81580707090317, 21.85031796682282, 23.151208762719556, 24.47051085288314, 19.48746954403063, 26.79721553574914, 17.928750054841398, 24.037783429145385, 22.197706221701257, 31.586949635730125, 24.83946546338077, 22.157959000064263, 20.53762728336978, 29.100754700891144, 28.335796756849387, 23.130457619329, 18.870658522448615, 24.876901920773633, 14.272502369887402, 24.641036533559898]
['Apache\\_25\\_w', 3.073744571404478, 8.00385109114249, 6.1888823259171755, 5.606973740852346, 7.369580684400175, 11.166314233509208, 7.271930785237104, 10.288195981700504, 3.64831480501147, 6.173120211000205, 6.093555831706018, 5.775082501178589, 2.157977666643831, 6.4242505413067255, 7.538196052022392, 9.213531106605485, 7.002197612789245, 6.306442552823748, 7.0, 6.079323797139142, 2.2301155523582574, 2.444278167018117, 9.056603773584905, 6.391645361182129]
['Apache\\_50\\_w', 12.582078662863966, 12.399369968498425, 8.877686612811372, 10.42393176757279, 8.158482142857142, 14.72190521306604, 10.766265268994196, 7.366013071895424, 10.298456407405824, 16.42316075706239, 11.44310947727069, 10.624229519219993, 9.08392808745144, 8.54795636626986, 8.439931138181263, 9.630287025412356, 11.997867803837954, 20.381300157105855, 13.034215347905748, 18.508281373872425, 6.743304861601695, 14.202215627194672, 14.685679506129901, 9.73990640983785]
['Apache\\_75\\_w', 12.018827777419563, 20.309333333333335, 17.60945577793509, 17.53181905105922, 19.418142780461622, 13.939379959402103, 21.036103396710104, 23.568634993909086, 21.760554288419332, 19.116494037056906, 17.739324466223312, 13.961152335224792, 19.096183482911794, 20.734194425560844, 17.464751556210544, 14.869281045751634, 10.889495103081257, 22.30212828049111, 12.68105620685877, 10.781471389645777, 16.853368271645376, 9.288418961700014, 17.36417428725121, 14.672289207687907]
['Apache\\_25\\_w\\_iP(25)', 12.011420908048711, 9.27506288178225, 6.037218077351857, 11.762289766094513, 9.689013235768858, 8.567707183540112, 8.08274492995556, 9.724303266406952, 9.184774559380488, 7.112508129200087, 6.073213098582488, 13.373660193144433, 5.411775168979011, 6.501821393089745, 9.266366684312688, 11.851760751035133, 7.243919932190129, 7.7938117524700985, 7.780527688160163, 6.467309753483387, 6.1412996452366535, 10.510724788098944, 8.082419408441343, 4.9181050635980865]
['Apache\\_50\\_w\\_iP(25)', 13.612846439535433, 15.682055567161061, 17.529559297742743, 12.03413366780147, 19.16446619866469, 14.917584165977216, 18.84398198083878, 17.927635119137303, 14.786928681828218, 15.978368786835379, 11.312059061223598, 14.241553465691396, 18.00243825348806, 16.853315766359245, 17.539936789146655, 13.159100329413818, 13.636267299663015, 16.29280821917808, 18.196015438502556, 15.538067737090394, 18.85392302785456, 16.045363403117655, 26.138172556510664, 8.52803481548234]
['Apache\\_75\\_w\\_iP(25)', 19.553403164307316, 25.21729753046479, 24.9282678575281, 21.80208648976235, 22.055148736446405, 21.445628620704905, 18.44224805336784, 19.722695099005467, 22.661506662562118, 21.929302940204824, 24.149885821050447, 18.697026920205523, 21.64309199638105, 20.724850791454028, 21.152829190904285, 21.989063568010938, 23.263881216995514, 27.944886899668706, 19.130733157954936, 23.75067283884164, 24.198270275102242, 21.629535327816676, 26.53357842089514, 25.029653284671532]
