['Baseline', 1.0, 1.0, 1.0, 1.0, 1.0, 1.0, 1.0, 1.0, 1.0, 1.0, 1.0, 1.0, 1.0, 1.0, 1.0, 1.0, 1.0, 1.0, 1.0, 1.0, 1.0, 1.0, 1.0, 1.0]
['0.25-weight', 0.918661856346343, 0.9304505987051512, 0.9774209075394915, 0.9635441710014425, 0.9419615079279936, 0.951095647663915, 0.9246137865493845, 0.944331641285956, 0.9541973105879281, 0.9031640532576197, 0.9724533224971662, 0.9009208177835469, 0.9470999172718081, 0.9463394158971413, 0.9965184434357234, 0.9440780911062907, 0.9766167569289582, 0.9325862525368394, 0.9614519968262365, 0.916372253339078, 0.969534779164615, 0.9519072417323186, 0.9740112510962332, 0.9689474133515451]
['0.5-weight', 0.9261768743634029, 0.9569701508505403, 0.8538987926600706, 0.9270614277808522, 0.8619060970086484, 0.8638048386009839, 0.8332218356970832, 0.9091173249290329, 0.8407836345924884, 0.9105034983045027, 0.9116474471642303, 0.8658004765544216, 0.8749309773605742, 0.9111574834613506, 0.8875164370863783, 0.8553027514991449, 0.8155868502689312, 0.9376767973930163, 0.9018729817007535, 0.9305452777131742, 0.9055719808960655, 0.9407081181932573, 0.9861429326753614, 0.9069317382125264]
['0.75-weight', 0.8436612215909091, 0.8511981448080391, 0.8117997088054694, 0.9451843919416371, 0.8952901117484403, 0.8636166571591557, 0.8091872791519434, 0.8005408769934107, 0.8696000534152367, 0.8433594624860022, 0.8487117226493998, 0.8107609860664523, 0.8609727274833746, 0.900874106027926, 0.8240879027096224, 0.7985689361984055, 0.9471284483949708, 0.8999677315262988, 0.7920904682202481, 0.8585606815915888, 0.8108060151710065, 0.8475227186460357, 0.8406545697428476, 0.8688425030365738]
['0.25-weight-B=25', 0.9247789519085615, 0.9887863540985086, 0.9621473740862, 0.9215664422948335, 0.9098898653910334, 0.9111195074789412, 0.9621477515588164, 0.9448101379186817, 0.9898757981282253, 0.8981330551389886, 0.9137318112565965, 0.89858695203074, 0.8769079901082971, 0.9012960060988522, 0.8831411522371578, 0.9064993315219735, 1.0292633933666597, 0.8954730134766102, 0.9488563465026766, 0.9438705452394532, 0.8963769633507853, 0.8851760386388968, 0.9469899367708612, 0.9373486481082403]
['0.5-weight-B=25', 0.9344403027222411, 0.8576454492149326, 0.7665280454407141, 0.778828970881951, 0.8742690058479532, 0.8783515724251677, 0.831891305790976, 0.8639222902135307, 0.9207861953603028, 0.8653460328187367, 0.8350810295519543, 0.9248717560225969, 0.894822923935799, 0.9039363920750783, 0.8788666666666667, 0.8749838369035817, 0.841097611158036, 0.8708992624690872, 0.8493732875973508, 0.8540409591530024, 0.8773982825376911, 0.8302442693858788, 0.8497864633410103, 0.8657455910598918]
['0.75-weight-B=25', 0.8115327009485771, 0.7682722956556628, 0.7933591162581997, 0.8103116498197341, 0.747446120005922, 0.6829809768218664, 0.8592712299654653, 0.7641021142205456, 0.7691453200328808, 0.7272882915659041, 0.8037265947499259, 0.9103000241423962, 0.7205643568701453, 0.7318098720292504, 0.8020680468697086, 0.7503114987540049, 0.7887092646306091, 0.8300458303378864, 0.7156248650049678, 0.7463975074646242, 0.8302571860816944, 0.7877774332166748, 0.7956314602918031, 0.6973104518944321]
['0.25-weight-B=50', 0.9903633764996319, 0.9390898229607907, 0.9503596326214452, 1.0082243552577894, 0.9671078556361697, 0.9051303107576609, 0.9711141060197664, 0.9336170212765957, 0.9292371345091599, 0.92495994873438, 0.9191854985424018, 0.8582175432614441, 0.9256977781554017, 0.9784684684684685, 0.9607296791327441, 0.8914448828813701, 0.9347012460922021, 0.9250399744163735, 0.9371549986857093, 0.9370420017873101, 0.9935589126427528, 0.9378392992321835, 0.9623975054856219, 0.919525971868424]
['0.5-weight-B=50', 0.8779929023853376, 0.8203641673108305, 0.7964018373596461, 0.8887651976513217, 0.9062259973794786, 0.9255901135546305, 0.9144066166570495, 0.8651126020255545, 0.8725336127117165, 0.9062452349314919, 0.978535777434589, 0.8089095323551145, 0.8028785567420574, 0.8157461809635723, 0.8312346974466597, 0.8980720642796987, 0.8624102507456092, 0.8679157427937916, 0.888638895563468, 0.9489723600283487, 0.8480607586295175, 0.83601756954612, 0.9545092662214163, 0.8599873577749684]
['0.75-weight-B=50', 0.8314062979021591, 0.8207431881958903, 0.8229477528840586, 0.8622789474866863, 0.8040007057474307, 0.7132560916843009, 0.7792488806050089, 0.785279685966634, 0.7924491771539206, 0.8836814095970663, 0.8580294802172227, 0.8864603263927968, 0.7561664386886114, 0.730261208246899, 0.7872396987151086, 0.8594744000350985, 0.8490700364866067, 0.8421325401653935, 0.8540910061952575, 0.8921595788890428, 0.8458219085719423, 0.7753840559949096, 0.7621245568265436, 0.8176206273884012]
