['BDBC\\_baseline', 0.0, 0.0, 0.0, 0.0, 0.0, 0.0, 0.0, 0.0, 0.0, 0.0, 0.0, 0.0, 0.0, 0.0, 0.0, 0.0, 0.0, 0.0, 0.0, 0.0, 0.0, 0.0, 0.0, 0.0]
['BDBC\\_25', 34.56005273807397, 34.74582753402312, 40.65387070667402, 31.7113363429888, 30.704037941678124, 29.532070926599005, 31.17220316430929, 25.21965565891231, 34.02537609508455, 25.66721157350669, 35.75368707475434, 26.210514591387675, 27.765334156807274, 27.772001593338864, 36.57862390069884, 29.955424356039472, 30.836420627895738, 32.659223757429395, 29.800861952008898, 24.696708644651505, 29.2238731609005, 37.951159292018296, 36.384652660106845, 31.12835713823219]
['BDBC\\_50', 59.177370029673476, 55.5217269882482, 52.394056931598875, 61.33903018179122, 46.36617901465169, 55.67255099643733, 54.3511090164194, 53.68477572663159, 60.204968852229165, 52.44828331631405, 50.17192874022841, 56.69904890249274, 60.48756803532866, 45.233063849992696, 50.40105474885611, 54.408400217853064, 58.019442145432556, 56.61626732595116, 55.0490582792177, 49.7091117608152, 48.87957248271352, 54.75116884610652, 51.17080286671994, 50.831281470829325]
['BDBC\\_75', 73.76319694363102, 62.12295318210212, 77.46955162125434, 75.3582446501348, 76.00773185653952, 80.0786403317843, 60.75164128365579, 74.88525283095518, 72.50573992281753, 78.17651503460812, 72.67857960694354, 82.14492127997754, 72.15175093522272, 80.55656361204782, 74.0294898504095, 65.698279359566, 75.94951294398412, 75.48935687964119, 76.39656403904499, 74.25515865778097, 79.9267149481057, 77.9767121513807, 70.78731855969292, 60.77332105812725]
['BDBC\\_25\\_w', 22.996240452963097, 29.506766333675795, 23.49458352399322, 24.786772025698458, 27.066945411927584, 31.508628288866333, 31.86980532637717, 26.209036581561637, 31.464516368265688, 24.966143821794436, 35.11096214380479, 31.701199564633207, 21.184418669516017, 25.722203761802955, 26.867035724985563, 21.741054757215984, 25.50597483433113, 23.16385384088407, 17.365909144995847, 34.38217717973897, 27.27612881572311, 34.206991587753826, 30.44402781179857, 27.843064988191596]
['BDBC\\_50\\_w', 47.10018517912602, 52.41260183390748, 52.50508188625935, 37.74973186038804, 55.48822873207272, 33.847312778835324, 46.537833623123795, 46.6447773672844, 48.765663024180135, 53.171668837788054, 53.23091130732468, 35.79354832217949, 43.29946067435012, 60.36423506248864, 45.24805812441972, 51.93077644668571, 55.78946724180805, 52.517146248583636, 58.09996504114697, 49.93117299784264, 51.87286092218065, 54.754001961011035, 53.34176983760636, 52.49479086448144]
['BDBC\\_75\\_w', 76.52681252661964, 74.79562136231972, 64.04472422547263, 62.968032618797054, 64.31634329615693, 64.01610212342209, 44.238649809306, 79.0793130482295, 69.15909126745656, 57.89725449689231, 77.4779033345595, 70.10274269467888, 68.17597364387471, 72.97626772727087, 74.64354415462455, 71.9981662598438, 66.97543133352183, 75.37310009188803, 50.76198162248648, 69.24949948486929, 73.5477288403486, 64.82959215379243, 62.827205717202226, 77.86792391212278]
['BDBC\\_25\\_w\\_iP(25)', 31.355083647375796, 34.11785302001843, 30.697168830345955, 23.981415133042013, 36.06105796355363, 36.45911735571355, 33.10518805783574, 29.64471460625369, 30.03229949749394, 29.75116115050848, 27.19699500070502, 34.12005862660506, 33.010085151504114, 28.200714385886478, 32.28158139549705, 27.443257859303895, 29.1886933010433, 29.117290660920073, 30.503370080897838, 33.08575511809249, 35.31296163154247, 29.75059439124463, 30.32785611960866, 26.801438418212097]
['BDBC\\_50\\_w\\_iP(25)', 55.24351130138277, 41.743044138395135, 48.91026719659263, 58.57039767539653, 52.950862094023385, 48.30763048453287, 54.317764704729214, 56.11087033537558, 58.86412714460432, 45.52524637296298, 62.165625405055884, 53.474887615539515, 44.69268670378293, 57.51339782904432, 58.01808782500681, 46.47280092319614, 62.12719898363258, 58.70881208707357, 57.83349427792456, 47.636555831626076, 44.72712425185789, 58.01589724698104, 48.27786690677817, 60.22607239358275]
['BDBC\\_75\\_w\\_iP(25)', 73.37899677476824, 74.97819632923863, 76.97933301086867, 77.7911606679811, 82.01887859031145, 69.38998966234345, 68.98930801643101, 76.42134145681861, 80.88419960188915, 71.38288147774237, 71.69305828026033, 76.10192151903918, 81.1594444565803, 77.59709344394022, 71.21950370241026, 76.44165288279028, 77.56507597380781, 63.48452586678961, 82.67174546136523, 82.40132554966817, 78.884623504277, 83.75196187149685, 63.83570418656897, 72.48140265968655]
