['BDBC\\_baseline', 0.0, 0.0, 0.0, 0.0, 0.0, 0.0, 0.0, 0.0, 0.0, 0.0, 0.0, 0.0, 0.0, 0.0, 0.0, 0.0, 0.0, 0.0, 0.0, 0.0, 0.0, 0.0, 0.0, 0.0]
['BDBC\\_25', 30.58283973193439, 34.01890665287989, 30.340268600977875, 32.92908888152993, 35.57018397354005, 27.387428099509183, 29.071773433735068, 32.477723948197784, 35.30384498232802, 35.48447414548032, 31.028674634148178, 26.48653726454404, 24.330793680679292, 29.342189440351614, 28.841242064865863, 31.068116016746433, 39.038915134590525, 26.194950258607292, 32.58883637760823, 33.98541489474456, 26.964809117818945, 34.745469483115045, 27.350501919651805, 38.38701512389868]
['BDBC\\_50', 48.721488897482864, 57.03820162330223, 55.67495619978478, 56.99638579821345, 40.8633753389859, 55.04245891403685, 49.91078623056866, 58.636870648305724, 61.809658850295556, 51.75809889379769, 59.527636887599, 62.355118355551625, 60.85600453896018, 56.59848815886064, 47.98640713632642, 54.301207591144234, 57.72129489783374, 61.5782767697769, 51.915343533947386, 53.66898707811428, 56.82606831933367, 55.03275843198322, 56.64245889355212, 60.83659597104254]
['BDBC\\_75', 78.01563837522923, 75.54026050619522, 81.07085138214028, 80.57578173831679, 77.52010514683641, 77.31215984914336, 75.8626736322652, 77.83768356799983, 80.39871305768101, 80.41149711127869, 78.3382543575742, 78.9941787075947, 78.23999683046095, 79.09712899138124, 79.6157052756449, 70.46828151975586, 71.89952504638617, 72.29188935014926, 69.30498176496961, 78.75521335788592, 79.1946750278503, 73.70696898293058, 76.90532218913786, 66.80216072257637]
['BDBC\\_25\\_w', 28.10224455093125, 30.03882097196594, 32.814190853314784, 28.137954535637963, 23.02250815514273, 29.675019554939635, 33.55324331687189, 26.404794327687405, 28.450058205654987, 27.95213544622525, 32.251452571242936, 19.654615381673803, 26.489016955042274, 30.479687123067404, 34.470182726535825, 28.22528204256223, 36.70285353514797, 23.37602155041947, 29.70960122082805, 30.063936709000288, 19.98562689548273, 30.709593932517574, 27.956055443695497, 31.427537726192423]
['BDBC\\_50\\_w', 53.26783696714777, 41.34455952758339, 56.22865831703129, 45.11424326517823, 51.22250332157969, 57.572943703966196, 46.00943311198655, 56.969888306639646, 51.52372668840875, 43.32570816513868, 48.59297859205665, 46.576017275823524, 53.06806896332902, 50.68655415708897, 62.5507528865918, 53.31655020531563, 50.261524527946264, 47.18632760173028, 58.614240030584334, 53.26623115519688, 47.83705736447617, 53.23950487431212, 48.89038568320217, 44.402606949988424]
['BDBC\\_75\\_w', 79.07644808005108, 77.63752745045407, 71.21595916483548, 69.96466153995551, 73.70422915393104, 47.8297414793719, 79.74823332544972, 79.17149029146506, 74.5127865085684, 59.35086105114183, 71.95839274188997, 65.36985648568619, 64.76309837872189, 70.55768079429164, 67.81645084605502, 62.215630547449514, 40.09743194489859, 77.85566167689893, 70.55435740393429, 37.33097566472511, 69.11396387421426, 76.10341714147476, 65.7445173256536, 69.34629448126448]
['BDBC\\_25\\_w\\_iP(25)', 30.46130521501603, 24.551563572690764, 33.38990132422173, 36.53571321480061, 37.26856040983176, 27.59667231870633, 27.36868342688288, 25.829641382727257, 33.12604679868467, 26.927565428414095, 29.489598821372155, 28.673960104598798, 25.80831429639334, 31.59533370879959, 31.687921889544118, 33.000154940333914, 31.713398238915616, 32.92726609972004, 27.60760513090339, 32.37813735390618, 30.360157735331146, 30.105114339109036, 22.920929421527614, 33.877937521867636]
['BDBC\\_50\\_w\\_iP(25)', 55.10771918497104, 63.28449543664706, 63.37100583817918, 47.98069918994108, 47.16230736288817, 59.22768081544854, 57.74181537916373, 57.29414745300091, 57.74147773555115, 61.10522799339948, 55.97887832018543, 60.780745273381925, 58.767515315860145, 54.78567793385583, 42.703562756503565, 56.17524531609571, 56.99166157231637, 48.01589084456365, 52.10125968881258, 60.22564891672249, 59.70949589547141, 52.766436610037815, 56.96882352974746, 53.26425386245032]
['BDBC\\_75\\_w\\_iP(25)', 79.94722102078319, 71.04245622294268, 76.08466470379277, 63.82995027402689, 69.26689080063599, 70.16768227862887, 74.31828520925743, 77.59683245045517, 76.4343385169004, 75.89315151156774, 82.86718554231325, 75.8407504353415, 68.97007072864417, 78.44712483259894, 77.36238255881203, 77.87525012661142, 77.47182738103348, 73.28657090053316, 67.8051669825642, 80.3490484137394, 76.83986321302265, 73.17279045895147, 74.62502410354895, 82.84753582688936]
