['BDBC\\_baseline', 1.0, 1.0, 1.0, 1.0, 1.0, 1.0, 1.0, 1.0, 1.0, 1.0, 1.0, 1.0, 1.0, 1.0, 1.0, 1.0, 1.0, 1.0, 1.0, 1.0, 1.0, 1.0, 1.0, 1.0]
['BDBC\\_25', 0.6567374196464818, 0.6604256521804961, 0.6954986436263397, 0.6517489784396109, 0.6324372149427091, 0.7072932142858152, 0.6516966487339368, 0.6400461405396501, 0.664684598963676, 0.6822374124913588, 0.6853279990880721, 0.6504527888834204, 0.6645225071907555, 0.6776872084829785, 0.6539975114030903, 0.6395888243806767, 0.6676345120569281, 0.6964600429143141, 0.6736247444294927, 0.6630760160369047, 0.6529688843783927, 0.6592700686347598, 0.6607976018674009, 0.6783894889138399]
['BDBC\\_50', 0.4910262316357692, 0.37297267719372335, 0.3731773096102181, 0.4144950300602832, 0.3858639440753159, 0.42338617778883514, 0.39750495177333894, 0.4346575743495368, 0.38041887034757693, 0.3850240702400622, 0.39606567649793223, 0.42780803619701385, 0.3937442959070431, 0.4186751419940652, 0.37869797009852174, 0.4276471258176943, 0.3527625525322975, 0.39276365511646283, 0.4030188516953423, 0.382524147674769, 0.3905838445435946, 0.42397258559330336, 0.4008311116259821, 0.3688889907571606]
['BDBC\\_75', 0.17156976718539785, 0.23368268087531852, 0.20916132184133404, 0.19650717232604803, 0.24928266541231, 0.17933067818067813, 0.2969081519557726, 0.20644097230622738, 0.17187164722104228, 0.19490370289416914, 0.22585845515687186, 0.2606691788149228, 0.21556425078011632, 0.1848500037458304, 0.17457862282455, 0.24001396332900635, 0.25974705651288493, 0.20396465601733774, 0.27838953536231253, 0.23517106233714016, 0.1957401245206522, 0.197661258972916, 0.32021047719864126, 0.24342147764927466]
['BDBC\\_25\\_w', 0.7536919630494189, 0.7036213316309853, 0.7587998008240604, 0.6787132559466892, 0.6662429623331642, 0.6569467724683675, 0.707287663673869, 0.8059108915945555, 0.6591980770211362, 0.7320560881025686, 0.6519820725240192, 0.6885087336176665, 0.7346705781376117, 0.6700465918635866, 0.749237332065353, 0.7216583018303474, 0.6384220765665041, 0.6869920525402503, 0.6727735706611457, 0.6863659328491611, 0.6599209104675594, 0.7420035961623854, 0.7162944846663861, 0.6920715046303101]
['BDBC\\_50\\_w', 0.5031419529017327, 0.4256798208516342, 0.40242324602778606, 0.5241149741892943, 0.5229696278166436, 0.37927759650991594, 0.5523771357478572, 0.5429640811376645, 0.47383179058636854, 0.41839178363369833, 0.431692863397275, 0.4162662147995598, 0.42666670907908455, 0.5108400466278022, 0.4840353158814706, 0.5829689684074331, 0.4803822489552548, 0.5554852197609685, 0.3924783168642675, 0.4262748296837554, 0.44307711024964896, 0.4132546649302059, 0.4703169651341032, 0.4647168272498114]
['BDBC\\_75\\_w', 0.24339404436564382, 0.18631748236850493, 0.2153184096371935, 0.22487603093279276, 0.23916290757276296, 0.3671222828205532, 0.23302550829407886, 0.18952681091139162, 0.18810358309151512, 0.20805389553618864, 0.42432591060246244, 0.21402042811411046, 0.19649094513217047, 0.2260869571070538, 0.2806810010829149, 0.2398658938052201, 0.3173194147126296, 0.20707076142188843, 0.3090416124277476, 0.2827085884650074, 0.28009708082664414, 0.3116598296962638, 0.3667417624834054, 0.24631228360552151]
['BDBC\\_25\\_w\\_iP(25)', 0.6480476178324006, 0.6284179682697251, 0.6575188080979167, 0.6438367090421598, 0.6422889490376787, 0.6136561725800587, 0.685693379026236, 0.7077996469243056, 0.6770866555841514, 0.6721949123862297, 0.706704409432549, 0.6884644636459298, 0.7436748304309387, 0.6635048844232454, 0.6729421512728404, 0.7236717905513749, 0.6516009266000015, 0.6760138986987094, 0.6499994280556552, 0.718128859057587, 0.6496673541620365, 0.6434748858821335, 0.6483170440571404, 0.7347423858513682]
['BDBC\\_50\\_w\\_iP(25)', 0.3987098474161139, 0.3721659156932447, 0.4259522782294501, 0.40915753751579165, 0.40975508572928004, 0.42540537920686505, 0.3685620885931079, 0.5026693360841076, 0.34973468269361824, 0.4051744201587402, 0.3940001790161843, 0.48335939414273205, 0.3430799958537428, 0.40702807808760233, 0.5256073976368754, 0.37116953918121454, 0.3606830475422056, 0.4159263861789595, 0.3829768231740283, 0.3890244174389333, 0.397215630274534, 0.39961946757236294, 0.39309831471192147, 0.3700872452687698]
['BDBC\\_75\\_w\\_iP(25)', 0.23777985717841943, 0.18302130208113582, 0.2446754680066537, 0.21923924450031612, 0.19554290870321625, 0.21498031120739253, 0.1687070515670609, 0.25186538473942666, 0.16698307152394382, 0.20305087369652142, 0.20151468695685812, 0.22475124003653285, 0.23810139532461067, 0.21290830067709587, 0.20270520876943895, 0.2141898093870815, 0.19617182832594726, 0.219254783382528, 0.18983059505671673, 0.2267135099331557, 0.25865573062258224, 0.2575164472293557, 0.20244545095125152, 0.20072148032439574]
