['BDBJ\\_baseline', 0.0, 0.0, 0.0, 0.0, 0.0, 0.0, 0.0, 0.0, 0.0, 0.0, 0.0, 0.0, 0.0, 0.0, 0.0, 0.0, 0.0, 0.0, 0.0, 0.0, 0.0, 0.0, 0.0, 0.0]
['BDBJ\\_25', 9.832060299845613, 12.518805188530523, 16.407126947176128, 19.690747755361013, 9.140740797031617, 17.46383112408849, 17.63750822827318, 16.55324231160236, 13.374704469443593, 23.153304772516574, 14.860837269017381, -0.47782844422098736, 7.096839816334543, 9.976079289612851, 2.8379256888533493, 15.611654194118561, 13.439579807877106, 12.942560280308914, 18.89246242682426, 12.573093449817886, 13.843286131546785, 17.484085278787806, 12.719818562779597, 16.461045192318554]
['BDBJ\\_50', 12.858313878004475, 26.068952894304648, 29.361583946490274, 25.38748906939122, 25.964843061768594, 17.64049959430659, 26.836271814947548, 22.11547943959826, 22.644118749530108, 28.423846322056203, 30.59366654084109, 26.04148438502549, 26.005236559404615, 30.279238345973752, 12.575411859351394, 23.967650908984613, 23.55889084536687, 21.440800537013054, 23.68529233249939, 35.32673831586749, 30.255108576510107, 25.624613859394522, 17.535273935556823, 29.169395385753052]
['BDBJ\\_75', 35.85585506836238, 22.864038110244575, 33.890730565597785, 43.12283189212175, 43.39302340396548, 40.48039664835565, 38.98114104647488, 39.48310798269432, 40.68929426931482, 15.833696598343014, 15.617595710798089, 25.239696458548433, 27.36583434224015, 22.300521523078025, 37.54914512716345, 47.1802831732005, 40.41052721684255, 35.24648039727989, 28.52833690803094, 36.68541248053945, 30.334332941104577, 39.59254944926679, 36.807232278983875, 39.61832477656549]
['BDBJ\\_25\\_w', 4.550234305750873, 1.7343727160396964, 9.154206878858048, 16.334169307610725, 7.836183823644489, 3.08000324366923, 11.188237930981412, 15.962491046561867, 18.077881064685684, 7.57672385660324, 9.7124255701261, 15.06215084989458, 12.749267433391479, 5.741500129063277, 6.153844170842836, 7.275320678338651, 16.643856677704044, 7.340983248485424, 0.8675899400531092, 15.0918992268184, 8.386255511835108, 13.078441192142648, 15.637634466172505, 10.846125187344692]
['BDBJ\\_50\\_w', 25.729523699103645, 21.65440691620509, 20.391538553033744, 11.481700996504134, 27.073872859431756, 25.192914247243934, 17.671291639419977, 8.850696610486683, 10.961133400979504, 14.966909313103177, 20.665027042872456, 19.975780346372087, 5.473769777783896, 21.337526735839138, 28.56984673220624, 11.39442261563432, 23.115660478525445, 24.915214875975078, 28.410820169438733, 6.491512757921222, 17.26179687691658, 12.045400496070616, 24.375249050731778, 21.033433034278733]
['BDBJ\\_75\\_w', 28.346023590881213, 34.64736545231753, 28.22898634858479, 34.83952195166892, 23.43510060074031, 30.679565112058743, 24.21386719456586, 30.40271851738874, 27.06219656037594, 24.03849410500623, 18.71220387082801, 22.31702453395773, 37.84417945908753, 34.58642216727106, 39.229491126627735, 37.460970259386116, 13.407100352396672, 36.38916754314045, 26.81660941057936, 25.440095430476678, 29.524344135991957, 11.276549827194627, 5.765068205611416, 12.494665823390223]
['BDBJ\\_25\\_w\\_iP(25)', 13.694661845505998, 13.522660261944907, 16.15376331976731, 8.186857987271525, 5.004897298729484, 12.554832307040261, 17.738694811946765, 5.008667760019891, 13.730004097079874, 13.843919707039703, 18.675117012633862, 8.339598189750493, 13.618476091117099, 8.538670795283593, 15.719887072102493, 13.003708543766429, 12.111615179664451, 11.79775219014409, 13.580147189635492, 15.17117094143159, 17.233889553778557, 14.883374698518756, 9.024535982037197, 1.305475561183936]
['BDBJ\\_50\\_w\\_iP(25)', 26.112340099857903, 29.841387896484054, 32.82394056440058, 14.272913803940188, 29.918135327247107, 30.37552712160272, 24.7442192601414, 19.424450238508147, 11.594369195063212, -6.857162368422952, 22.96082421255763, 28.724709153325854, 20.25998476823799, 30.37330601189128, 31.501223961290812, 26.261230743882177, 23.059275790562722, 24.24391378513816, 31.86947859792147, 29.33425479047104, 29.992330145202697, 26.01659334209611, 26.34887567318687, 26.96647922875136]
['BDBJ\\_75\\_w\\_iP(25)', 32.429688567489016, 43.037397212159654, 14.94234423421991, 36.00551007327961, 41.273842992135705, 35.03216004671469, 37.34491584072313, 35.57323048654443, 41.77274226059956, 32.31052764462331, 36.283570937383416, 43.135914666792644, 25.325954546664377, 39.0015124384384, 21.98165434464665, 35.82633900220915, 43.60209339261514, 23.800165580047626, 38.99044631257089, 35.216172573442265, 35.61929105959489, 34.030363454191736, 38.06386369967436, 23.147898062625938]
