['BDBJ\\_baseline', 0.0, 0.0, 0.0, 0.0, 0.0, 0.0, 0.0, 0.0, 0.0, 0.0, 0.0, 0.0, 0.0, 0.0, 0.0, 0.0, 0.0, 0.0, 0.0, 0.0, 0.0, 0.0, 0.0, 0.0]
['BDBJ\\_25', -0.9257667258463824, 16.22124796819763, 17.74725326405716, 14.481765788178802, 15.709436053067309, 15.399135479613859, 22.548780100864054, 16.352571354683104, 18.648869897711055, 17.042843023967375, 15.461688296534707, 17.597667598734997, 15.807657514733735, 12.882860258347282, 15.86586393193512, 10.287710733927263, 0.7044879435248298, 11.21856880072703, 5.76355041740887, 15.63136738660583, 11.532781883492124, 15.123790017604364, 15.789310422585022, 10.23120370625651]
['BDBJ\\_50', 33.19847679120594, 32.13136947427699, 17.025760728978675, 31.536598496163396, 15.610305487042055, 30.531048193464727, 32.535504931727985, 26.882001423950687, 26.190113824647096, 13.891404700822248, 10.220712371141602, 24.425933199881573, 23.265602230974014, 26.72182076408265, 25.441606776058258, 25.526420085026157, 27.444847564926057, 32.59412256117415, 17.046683703480152, 16.123725889515793, 32.64556287361883, 29.232240703137794, 28.818487709613347, 27.58093971279815]
['BDBJ\\_75', 32.86016687807243, 35.695499084002606, 37.9692340263915, 24.190163423423968, 27.101533319165952, 39.35852101009139, 37.72650208476195, 38.322714410925194, 38.34921644610431, 23.74717016172, 41.97273048743676, 33.92772200266365, 36.51233776236007, 41.48552769080294, 37.959459566814374, 39.893548017038285, 40.98679720933432, 42.09506193045669, 32.77489844516041, 44.14823374766679, 44.46646937155115, 32.50027091711268, 36.59327638026656, 29.7127935522921]
['BDBJ\\_25\\_w', 14.205363750066928, 13.083212418914387, 6.764990743569431, 5.01152793878972, 12.11264435748962, 9.690777706835203, 6.794897809992626, 12.947675158472721, 7.376141712870784, 18.694427092549045, 7.671987673451042, 9.451466752831488, 11.646856325347983, 8.826991909601803, 10.984812937720797, 12.007422312059447, 13.029511456414895, 7.425870011839403, 11.43968197191165, 2.782448968785773, 6.0424559394371204, 4.466877046618731, 10.211976897702959, 12.899426146692504]
['BDBJ\\_50\\_w', 15.022234978879103, 28.751699702474895, 15.681690876604403, 20.138607558051472, 20.831426210974392, 26.80983228600233, 19.110820663596684, 21.692221117731897, 19.96098950878818, 20.669704801449168, 7.299109928946643, 23.467383455894026, 16.3470171562536, 9.073988386178984, 25.93112119296049, 29.00142709047178, 4.922440235701971, 21.77653530594474, 20.93053635055101, 15.653207599139138, 30.442892869655665, 18.765021825783542, 15.466454595093884, 11.487816194360501]
['BDBJ\\_75\\_w', 20.474955930939476, 34.7393364849085, 14.668649141938525, 15.827029928051251, 23.781498683639658, 24.330414903060394, 27.234984340485003, 21.808115499142673, 29.105807918592046, 35.65696032191278, 27.194996619150622, 25.171074533012792, 17.315489817551367, 33.522803092306674, 25.104865343577472, 27.74290411701407, 14.231496884130904, 29.284271566720086, 26.863753770534732, 15.887259164968043, 21.05401322843084, 30.901081320315182, 33.107905001162386, 2.673860043361219]
['BDBJ\\_25\\_w\\_iP(25)', 12.475486994011002, 15.17390194925503, 19.454709701391113, 16.57197279938692, 10.640889387552154, 10.353657145030642, 11.571399247027085, 16.925230756800087, 22.290818447106613, 7.543252857909847, 3.3916363398803435, 16.675144677111636, 10.669045908635063, 18.36558357938659, 16.957668098649993, 14.400478604595602, 17.561503407250854, 16.469715074501142, 15.519109782794647, 19.008037182010227, 7.629983075996449, 6.291417136973654, 2.9271748541518785, 14.424146623568486]
['BDBJ\\_50\\_w\\_iP(25)', 25.743730240734795, 23.980798133880945, 25.897221875710905, 29.499483703975983, 31.397901200135415, 29.464185347630394, 19.82627725667079, 31.16993936353779, 24.02974762813638, 26.193496759136274, 22.301818942613956, 21.799038902437204, 25.322377032761796, 20.577418667965855, 23.246228146532463, 28.65876718453761, 33.792596359686875, 32.4053710210218, 16.126979489543892, 31.148234063641205, 28.382415385006002, 34.1592986758224, 29.06333175812387, 23.965024193419595]
['BDBJ\\_75\\_w\\_iP(25)', 39.55846321443718, 43.89990629172297, 29.93200288634157, 33.233571467791684, 33.91759627302649, 42.42845985139315, 41.2283296280085, 39.38593838966374, 22.747098414853756, 31.518195423168525, 39.42473676805293, 46.393054503762635, 37.103117747199256, 31.5499588078365, 32.94972864061049, 36.98085200962522, 38.57198533476129, 38.80836462766603, 42.25866219138518, 31.05672560452777, 35.425886713049934, 40.28895844632594, 38.611400484628774, 37.22651070928678]
