['Baseline', 1.0, 1.0, 1.0, 1.0, 1.0, 1.0, 1.0, 1.0, 1.0, 1.0, 1.0, 1.0, 1.0, 1.0, 1.0, 1.0, 1.0, 1.0, 1.0, 1.0, 1.0, 1.0, 1.0, 1.0]
['0.25-weight', 0.9343296139167444, 0.9998762243489621, 0.9392157715382833, 0.882229506205853, 0.9108746124455346, 0.891952912835136, 0.9516335220561774, 0.8230361160688533, 0.9166269032002369, 0.865895213046154, 0.8978630414210599, 0.8335187728524792, 0.8862176870955882, 0.8947573545526852, 0.8782345479939034, 0.9643242671286472, 0.9001424384058387, 0.885206115049537, 0.8926312465330078, 0.9808789711347201, 0.8747801634540529, 0.9447147382946335, 0.8696101604243883, 0.9126898322161542]
['0.5-weight', 0.8009488458051177, 0.8177414894480581, 0.7194386835564369, 0.7978003160267252, 0.7714369226167235, 0.8262794022932666, 0.8348965686691429, 0.8238195763833028, 0.7807557168316408, 0.9186988481502935, 0.8983775566586873, 0.7430588007456347, 0.7575920352170539, 0.805415846078537, 0.8542626161469743, 0.7578131363377831, 0.7454122822306751, 0.722331316461723, 0.7814958537811348, 0.9392351932760242, 0.7291851189748234, 0.8138387510264407, 0.7983023406283126, 0.760543931515435]
['0.75-weight', 0.6735279594521292, 1.0110867748045158, 0.6182309213781185, 0.6782514906087225, 0.7354525191703728, 0.6870114383269921, 0.8217846044232039, 0.740946164756177, 0.6941837483643657, 0.7865717203061535, 0.7319510019218759, 0.7420399518538863, 0.7777909049107036, 0.8328373488532058, 0.7035728653708988, 0.8519397029716128, 0.7812233479359716, 0.8304074883143435, 0.6827354041962984, 0.7358730405512812, 0.7268411192839319, 0.6583868957054955, 0.7395719146230336, 0.70809750287516]
['0.25-weight-B=25', 0.8210919530261592, 0.8813007878810162, 0.8152713060401238, 0.847610934485137, 0.8623947585099196, 0.8525057825608348, 0.979073428294403, 0.8414875852350812, 0.8719038469607849, 0.8227190587516848, 0.8915062768052879, 0.8386328877755623, 0.8130934116627079, 0.8900098054993136, 0.9031112733701635, 0.8497737807648461, 0.9668892047855473, 0.8456194244139936, 0.8311171270139238, 0.8448240166771465, 0.843499848951365, 0.9184228262557025, 0.813773317515027, 0.843366811650593]
['0.5-weight-B=25', 0.8626661659310266, 0.8096415928124898, 0.6953606540821142, 0.7003282279016643, 0.9589450057983601, 0.7459261816316761, 0.7832576561706696, 0.8827504041522208, 0.9020381894536065, 0.7199747837413577, 0.7397261571419226, 0.6609966159922954, 0.7126644201345945, 0.7532529150083243, 0.8689361442553026, 0.7500967687712141, 0.8001725882924481, 0.7256501196244156, 0.7203550451633917, 0.7110740943888003, 0.7739760354011743, 0.7643302099608552, 0.8071926192695457, 0.7849393164383722]
['0.75-weight-B=25', 0.7815006549923031, 0.6328797365729537, 0.5768991006803488, 0.6930275332334154, 0.6176146205794937, 0.9093320134471419, 0.6039019246248404, 0.6878951849888324, 0.6889583283438452, 0.7002225256883327, 0.7062830384308129, 0.5533668941020907, 0.5733092252834994, 0.6747923640219291, 0.63527263713581, 0.6613995730335717, 0.6420361387889065, 0.7735788534736884, 0.5686584068424464, 0.6047127122514823, 0.6405136158686701, 0.7643092936289982, 0.5705733932580536, 0.5545587869247274]
['0.25-weight-B=50', 0.8278205189814767, 0.9102978657643317, 0.8894521804058446, 0.8298009053468164, 0.9456837562923472, 0.780861430767213, 0.893539415537733, 0.9051234288219687, 0.8487478618622354, 0.8486774946435298, 0.8940501823271905, 0.9895250583297953, 0.8902289397245801, 0.9622439343720864, 0.8955435903916747, 0.8389336669224381, 0.819360356341908, 0.8956119232423619, 0.9584762071486213, 0.9524784017310465, 0.9331958660740468, 0.8402777505352459, 0.8856844884584772, 0.8424915730205553]
['0.5-weight-B=50', 0.9178502630232048, 0.6683441371360228, 0.8078278648929619, 0.943670413964292, 0.8831371247085126, 0.9382675029396719, 0.7739067315165294, 0.7238552970756105, 0.7810691179704714, 0.6667549652074479, 0.6604689149752717, 0.7522097124194949, 0.8911386173443625, 0.9795939483357405, 0.7242608968304499, 0.7117212789576538, 0.7336842571884775, 0.9625501674074038, 0.8619795681074707, 0.7817168512116209, 0.7638655005515109, 0.6774847505615292, 0.8031067430975906, 0.7362015436630066]
['0.75-weight-B=50', 0.7558983002534434, 0.6589551788963692, 0.5676458337870505, 0.8007630824875284, 0.6316754622244113, 0.6023017135339651, 0.6503474517999202, 0.5626019593217099, 0.7406795406738541, 0.5907713948117497, 0.7443105971492981, 0.5741466830513691, 0.702155816786855, 0.5744731021300786, 0.5782952537766977, 0.7675764200056119, 0.7339542921322081, 0.6023050484454988, 0.7302707844680894, 0.5942476821453982, 0.720724293164299, 0.7286245225913381, 0.6825580861461282, 0.7341056288951313]
