['BDBJ\\_baseline', 1.0, 1.0, 1.0, 1.0, 1.0, 1.0, 1.0, 1.0, 1.0, 1.0, 1.0, 1.0, 1.0, 1.0, 1.0, 1.0, 1.0, 1.0, 1.0, 1.0, 1.0, 1.0, 1.0, 1.0]
['BDBJ\\_25', 0.8991523920784834, 0.9030835147629336, 0.9947574187380862, 0.9093223183268139, 0.8709834121356833, 0.8707023850429638, 0.7528155417605927, 0.9386167710177903, 0.8735583847094915, 0.8794838849468636, 0.871846271751195, 0.8833204285686329, 0.9754691571020977, 0.8283348449566724, 0.9312399070954364, 0.9591430535953395, 0.8836677025064344, 0.8849821491755566, 0.8826719430192039, 0.9135893254433431, 0.9832112798774344, 0.907249819397338, 0.8523301415553212, 0.8831979521868906]
['BDBJ\\_50', 0.7044826470007993, 0.8576647849719571, 0.8675594987950308, 0.8302963484167061, 0.8822305012730993, 0.8143090609235181, 0.7752075724932804, 0.7851293893589087, 0.7484619674157131, 0.8022897772567686, 0.9953929296060726, 0.6468457768319789, 0.7595578627950679, 0.966862609323392, 0.7802293407231453, 0.9238869764059101, 0.699999520149831, 0.8323249682843948, 0.7421490443318277, 0.7208057299365445, 0.7260003791313895, 0.7027944146639713, 0.7270605275453275, 0.7933253355791937]
['BDBJ\\_75', 0.6101445336961746, 0.5680643706503127, 0.693957776171797, 0.6932022037801748, 0.5764658262642607, 0.7599251261261973, 0.868354173821938, 0.7919561367066122, 0.5973242612876342, 0.629074769301109, 0.5566407223494667, 0.7398648960946238, 0.923326429243362, 0.8287761532701172, 0.5968969671340766, 0.7513257925462505, 0.6067765734931255, 0.7983068859101553, 0.5980394677115848, 0.638897291840433, 0.5788993942810421, 0.6091584515913537, 0.6212161168923519, 0.5787833352612988]
['BDBJ\\_25\\_w', 0.9996516472135678, 0.9123701978297796, 0.9250105348849185, 0.8515693164767378, 0.9318031379039692, 0.8945416049282922, 0.9812491347304567, 0.9049318785549958, 0.870057948989594, 0.8833246482826745, 0.8703405209719597, 0.9241506773826476, 0.9563697658713843, 0.909836887600611, 0.8789676679015643, 0.9631314262213893, 0.9575327872867265, 0.9497709225939412, 0.9396421563760237, 0.9185266615811009, 0.9490593925493845, 0.9081002061685709, 0.9336089856667029, 0.8667184176867094]
['BDBJ\\_50\\_w', 0.787266671982897, 0.8204595510564033, 0.9175897613215349, 0.7602786426097403, 0.8151950659854508, 0.9259709967143744, 0.7181332571901843, 0.7870593261691632, 0.8009745424538592, 0.8778529489554036, 0.8667879826801445, 0.7941994527206745, 1.005730178234797, 0.74829553756086, 0.7599682272825157, 0.9240902440596601, 0.8547791116870658, 0.7462959679409245, 0.8440342746701948, 0.8249716199714755, 0.8028811885035659, 0.9516774827910899, 0.7422961203985247, 0.7908904589731748]
['BDBJ\\_75\\_w', 0.6288990853650568, 0.8087851138535809, 0.7762788985914554, 0.6530355416368909, 0.7356513920149218, 0.6306953274225277, 0.8193008706979293, 0.8465911454663796, 0.7322152912583606, 0.9319903990668257, 0.7186188186348462, 0.6702212789584758, 0.7601545007846392, 0.6740647355240674, 0.7121849811121003, 0.7412128114430044, 0.7440860079567243, 0.6318944312756105, 0.7032888934435865, 0.6166524867439657, 0.7695289765349332, 0.8169940646124547, 0.6145029441283268, 0.7414242561127328]
['BDBJ\\_25\\_w\\_iP(25)', 0.9057856406044973, 0.802841981759523, 0.9079573182149474, 0.9004693351643406, 0.8390624021750094, 0.9823850997384269, 0.8557971859621883, 0.7846381169879245, 0.8626935981353265, 0.916227076095521, 0.8661228362099708, 0.8958438442733184, 0.863901657013724, 0.815372565060526, 0.8393282616025071, 0.8782743770806919, 0.931056108457886, 0.8299764092165847, 0.9094398470224706, 0.9054747869654359, 0.9026733181237651, 0.8665766039613229, 0.845996443336721, 0.8182641958976686]
['BDBJ\\_50\\_w\\_iP(25)', 0.6913550724637684, 0.8113890691921726, 0.7202156365199233, 0.9240527587114313, 0.911423251377958, 0.7059301361840253, 0.7809584409973043, 0.9151978828893413, 0.7425706340956065, 0.7246476621859435, 0.7311379848312963, 0.6973146655798944, 0.6912430379913513, 0.6954482655547618, 0.7768513675554907, 1.0817423507097061, 0.7467674437390956, 0.7251566225391028, 0.6901788709550721, 0.752739194097427, 0.7785988117499465, 0.7255018780884759, 0.78363518091171, 0.8120958111194881]
['BDBJ\\_75\\_w\\_iP(25)', 0.7064559666365122, 0.6129674226814515, 0.8627619502777011, 0.5632469959155707, 0.812412189214204, 0.7443350909114131, 0.832404715832933, 0.5846031407429573, 0.6403124102645124, 0.6791226338586885, 0.7812772907873576, 0.6953193548237024, 0.5616918025642333, 0.7518419670040251, 0.8253418489306176, 0.6496122246066142, 0.6581400020750746, 0.5851468207504208, 0.6097025705180477, 0.6155694544893359, 0.710990609085779, 0.5772978021864632, 0.635798879279815, 0.9085772323619166]
