['BDBJ\\_baseline', 0.0, 0.0, 0.0, 0.0, 0.0, 0.0, 0.0, 0.0, 0.0, 0.0, 0.0, 0.0, 0.0, 0.0, 0.0, 0.0, 0.0, 0.0, 0.0, 0.0, 0.0, 0.0, 0.0, 0.0]
['BDBJ\\_25', 13.037366444550146, 15.687503387125233, 15.416151376271088, 26.321549573599732, 16.09602112852819, 13.989836091816388, 5.756968048090329, 3.5250499973569136, 12.927321963198466, 15.853786251436066, 12.283573964466797, 13.532687395095312, 13.523661410690474, 9.718055368004373, 13.69948406005057, 18.13434436625435, 12.229423544095424, 8.195375773021453, 16.008697805868202, 15.007135783108588, 16.337818066572034, 7.788255317343996, -3.3430796357644827, 16.988615066939484]
['BDBJ\\_50', 18.502447973175556, 33.81258620985435, 24.942964025473973, 24.024106864266766, 27.860857901330427, 26.583164758691687, 20.463117871430466, 22.628080364958265, 21.11580226048185, 15.206793164093082, 14.086487160496244, 23.210341144072338, 30.969667547558338, 27.308780692909536, 28.849809922603345, 29.144730798832825, 27.045520410401373, 29.81864530285215, 23.563423681979337, 26.9443008447419, 28.852360591205056, 11.447005361698324, 24.39818117670651, 14.33236621829778]
['BDBJ\\_75', 42.541757103429106, 8.911136321878233, 27.8196427002928, 38.89587604064123, 27.09164128349312, 40.04979658008418, 41.709291878504146, 44.454224370757, 29.355252824796338, 40.29897751407689, 20.342599867215142, 42.774955823652505, 33.96980212527469, 43.59140960691015, 33.993851871355545, 29.124023251865157, 43.44922340027491, 39.36540114995942, 39.580714702570866, 36.775565888545295, 40.87474665755647, 37.92672504238528, 22.618549772782977, 46.13624594222466]
['BDBJ\\_25\\_w', 8.918057758084617, 8.021448129380886, 11.036089813960153, 12.028694197832019, 18.75967036060613, 13.147155633945538, 12.613182785928066, 4.743835873603992, 16.64186399900456, 12.39575708680839, -1.9758299501104495, 11.688323151191472, 2.341195003854148, 6.772204100295505, 10.551203599919376, 12.277910602695233, 9.948187651142769, 10.104705818950439, 14.501788408698593, 14.51706067013484, 8.395221533211743, 12.473696420438474, 8.038874320979774, 13.776453897628857]
['BDBJ\\_50\\_w', 9.499595052496861, 22.617069199305334, 20.903881005004276, 20.840616606587986, 11.345069158670768, 15.815837487068553, 1.1161550362697186, 13.414255636462519, 11.896505162466504, 11.05081193893962, 13.249060449143542, 18.073271282145143, 26.472305883867556, 8.630339096286617, 18.44851875466142, 10.741582239021627, 21.711229670601824, 11.34652259251181, 18.77765353619976, 8.8343261939811, 19.871551199700995, 22.71574489691605, 4.564763264704886, 14.549542880777219]
['BDBJ\\_75\\_w', 26.74600614557302, 17.270095182266715, 27.31774224247055, 27.046831308919188, 32.92210967853815, 30.742040444588568, 16.7329064307464, 33.96792740030067, 20.557410272446237, 13.528661721252051, 30.4610507417518, 20.555660297358763, 31.422859252526482, 31.79007149448636, 18.64816156838815, 35.62707591406215, 37.46933288816674, 27.344585556343134, 28.39475380036843, 25.09070649349388, 29.164535739281717, 26.073118160201773, 28.750686590628657, 29.736411147902654]
['BDBJ\\_25\\_w\\_iP(25)', 13.533707053537851, 12.271764445596519, 13.953826885395038, 16.83574255669481, 20.794115900032583, 16.96772792893451, 6.474922083987662, 11.977777612982749, 13.589488629128143, 14.84085371081838, 17.172744610558922, 12.608592471810045, 17.33787050316526, 15.024290343679935, 17.455813549724443, 7.759820753350234, 13.922095634061586, 12.001852066383838, 22.720715892925753, 14.069817975106627, 16.554200312700853, 8.483287132954667, 7.8225320395054165, 10.205741981544257]
['BDBJ\\_50\\_w\\_iP(25)', 29.33140301380848, 18.764799622632438, 30.211195375177052, 20.866005952178423, 26.00348441469161, 29.513762472347004, 20.008071812473784, 29.418848948192153, 30.074643440777145, 18.796109259072395, 23.61955770981879, 35.38418989040582, 27.786694276333048, 10.370922889618594, 18.662459850938138, 31.67046053160082, 21.542350871138154, 29.477783299227536, 25.166230325178617, 22.604660385539113, 23.054417809287724, 5.7360487293745415, 26.085263904772745, 23.320794226316618]
['BDBJ\\_75\\_w\\_iP(25)', 44.683537277658594, 36.57717664084998, 38.22579080274705, 39.60948645621399, 41.88237964436678, 42.49180762585205, 40.71276743595117, 38.98915463042588, 28.963915254153402, 30.196969511488867, 40.1536792876472, 40.80495122460321, 34.36249278615162, 26.093424086839118, 32.150504281956046, 41.63892787870353, 41.06613482172359, 34.42629219837114, 35.434742295574225, 41.61841237648725, 42.595959739856, 43.27522493587356, 29.639358675594334, 36.81049913535341]
