['LLVM\\_baseline', 0.0, 0.0, 0.0, 0.0, 0.0, 0.0, 0.0, 0.0, 0.0, 0.0, 0.0, 0.0, 0.0, 0.0, 0.0, 0.0, 0.0, 0.0, 0.0, 0.0, 0.0, 0.0, 0.0, 0.0]
['LLVM\\_25', 1.8330539253891518, 1.9767767851177391, 3.2961918933242527, 1.837786638029614, 2.489863652814206, 2.4878621100333063, 3.2703080456694695, 2.5096045582960733, 2.664899304656787, 2.58928914799969, 3.017250031049442, 1.6285202395519511, 1.941066445064037, 2.2816215209645483, 2.183505459356557, 1.7470990679197944, 2.2566092451586397, 2.259066452473885, 1.5779001422998333, 2.628710900840089, 1.945207266714499, 2.0516193208499813, 2.8210552822307147, 1.9311597544651673]
['LLVM\\_50', 4.449971592775198, 4.625673806298498, 5.225850474221192, 4.606835107277898, 5.370146925922147, 4.945477617037901, 4.7785113391233365, 3.208922013558518, 4.195680060967226, 4.858378024573815, 5.909375642478753, 5.838515956280003, 4.482467488745326, 5.577374834541674, 4.706991206114164, 4.657293459011181, 6.157046369361547, 5.015210007327064, 4.916011273036323, 4.115285715822758, 5.33124563791742, 4.523383293290602, 3.830387299181011, 5.529080403703616]
['LLVM\\_75', 7.365320877382123, 6.223388100982772, 8.678547026885651, 6.986986936167459, 4.813599943825125, 7.429505198140337, 8.779741863111319, 9.718657869220205, 8.365323706088363, 8.930580221375417, 6.438542985624106, 7.6538156420638925, 7.856445195264057, 6.468137527477761, 8.58564981691539, 9.467271885868682, 6.487814839839603, 8.019315080413334, 6.7258323662187305, 8.320037430490682, 8.007185301186302, 7.954376929988799, 6.691599536687824, 7.311701167029335]
['LLVM\\_25\\_w', 2.0245984249115483, 2.1335303110382227, 2.132793328096434, 2.300746236365525, 2.211823015106103, 2.2143751753196788, 2.3445064466486913, 1.5581204366657122, 2.009065510846245, 0.8769573112027146, 1.3597569184698692, 1.360076335040317, 1.685034970046708, 2.113600359966523, 2.175236916977686, 1.6843949484857705, 2.321261323887929, 1.4632418145374815, 2.3417668844528365, 2.3035145230094263, 2.2408947861555335, 1.3816395933234518, 1.828079893061891, 2.7675951217769827]
['LLVM\\_50\\_w', 2.179167802124152, 4.18372647977353, 3.2921044038076106, 4.292287104321435, 2.622754895016813, 3.2765065862543565, 1.9089302137205963, 5.280994686126689, 4.644700058111135, 4.6567228059446, 1.2245257298210463, 5.793825364778163, 5.152290465142813, 5.534470946843891, 4.369871131220336, 2.808803539675201, 4.916345103602398, 3.7410974713702765, 4.264480080174605, 5.820016606338684, 5.2310300643988334, 3.875015215628794, 5.451039118004231, 4.901656728353286]
['LLVM\\_75\\_w', 5.342726553423425, 4.758229312304262, 5.29650701083036, 4.944725651516852, 4.818527247734036, 3.654862386952056, 6.749672398240934, 6.675223512775554, 5.748343517521871, 4.910285660490521, 5.195143089858514, 7.876427047138955, 7.520702231156641, 6.393719987933413, 6.186634609650788, 7.1204659478339645, 6.619402055728735, 4.106720250453103, 7.619606226067648, 8.380717721582498, 6.7755143550156065, 3.765635912834546, 5.388158873351984, 5.431779421477261]
['LLVM\\_25\\_w\\_iP(25)', 2.48781335645132, 2.4327897248340613, 2.382504093207916, 1.9933575813330242, 1.8524621762639635, 2.035566927180469, 1.5640687701264342, 2.460760165998006, 2.4962839607056644, 2.593464154318081, 2.80156479024195, 2.171955984443143, 2.8718394103388647, 2.5389830029487674, 2.361651225063251, 2.7884233069171063, 2.3061030872529127, 2.0427709070467275, 2.5446117360066434, 2.703432671975999, 2.4158012204526402, 1.651115310114809, 2.3393056098987643, 2.5185348816427573]
['LLVM\\_50\\_w\\_iP(25)', 5.221303808232708, 4.192908286507876, 4.74957278558157, 4.502623455320451, 5.230767660403895, 4.116139622670944, 4.754064380644345, 3.1791088957633007, 4.9881617726951175, 3.622065679045499, 4.264844772228162, 5.249731942373169, 4.830314986329098, 4.918799828673102, 3.841978184108086, 4.167152237971747, 5.251338124023971, 4.889098288278082, 5.615446300856163, 4.089879688128108, 5.121273079179885, 5.624280339350954, 4.416820198333815, 4.579987019449835]
['LLVM\\_75\\_w\\_iP(25)', 8.286619257322554, 7.731630247830437, 7.937922110406469, 8.817710032697226, 8.26368264695949, 7.142964987237898, 7.890877445787252, 7.707265263073126, 7.036639669348716, 7.3852288713241885, 7.719594183234804, 7.780650355721571, 8.401882184129063, 7.288837769330782, 5.923066969919103, 8.512059684766157, 8.40389979857636, 6.565363226126465, 7.698154409636592, 5.90897091439056, 9.135847717041958, 6.561694943961772, 8.132183985368089, 6.330210302599502]
