['LLVM\\_baseline', 0.0, 0.0, 0.0, 0.0, 0.0, 0.0, 0.0, 0.0, 0.0, 0.0, 0.0, 0.0, 0.0, 0.0, 0.0, 0.0, 0.0, 0.0, 0.0, 0.0, 0.0, 0.0, 0.0, 0.0]
['LLVM\\_25', 2.53830945461687, 2.5709119162240506, 3.0784060504216235, 1.9783950023078822, 2.6019773463471068, 2.167112625017111, 3.095160461023494, 2.4694485758989995, 1.7328979071333308, 2.3233440395205647, 2.6974633261932146, 2.8433297981453896, 2.1380185649684016, 2.6931569545453367, 2.3458951685693106, 1.5527093431338042, 2.338131610736954, 2.0899175041587505, 2.297658711672126, 2.9199117317498304, 2.3715726847450997, 1.797521896570053, 1.8779459323999375, 2.633334299736069]
['LLVM\\_50', 5.744217766955242, 6.0416867200931215, 5.368079706262975, 4.004118513518928, 5.218513375814497, 5.169641073291991, 5.6654743769044735, 4.57452122895098, 4.438718669700674, 5.538665403283582, 5.248429062043303, 4.542497771014608, 4.7532858743183155, 4.227600556746106, 4.996479831455305, 5.633210978510785, 5.21334160998808, 5.181292914600548, 3.9027961807052898, 4.484469824767088, 6.151176328461826, 4.521855433427599, 3.4471706805284263, 4.112263208679116]
['LLVM\\_75', 8.171258464779765, 9.502626332818076, 7.438629321283283, 7.729108824871483, 6.488445132834649, 8.69651268380975, 7.87027947706481, 7.028588198620748, 8.11213328536302, 7.855969527877124, 6.076294320857069, 7.850887956461359, 8.143379190649837, 9.468630306199803, 7.116200071403542, 6.362435875761656, 7.9803273211919885, 5.906782825348655, 6.498955325996299, 7.878087540875713, 6.932138362614023, 8.99208319671188, 6.519999148594885, 8.393161027134587]
['LLVM\\_25\\_w', 2.316783850714041, 1.4780922497663513, 1.9405943933358372, 2.054005937799264, 1.6391383685561076, 2.36984596470703, 1.7631958449598935, 1.9098848388715617, 1.5129375853761367, 1.5114062791586034, 2.043297379774123, 1.5411890009396807, 1.0472262920989788, 2.6288009421108405, 1.641913210802764, 2.158430530594537, 2.5637022958042675, 2.0052841608308514, 2.0023288288362373, 2.0523576313442207, 1.0889229169384949, 1.157199671210021, 1.5445170210832087, 2.18131754309864]
['LLVM\\_50\\_w', 3.9402037143262048, 4.432313384869257, 5.03647327606893, 4.850179746212427, 4.872402887929718, 3.7795976459288676, 2.7427607590555487, 3.333013050939212, 4.422783577192744, 2.61172416967585, 4.749571659454166, 5.072823000859637, 4.423883287142545, 4.256617812435712, 4.387954547290649, 2.2964188920897053, 3.421808901038838, 3.754240171748215, 2.8297535256102058, 5.068207699342097, 3.384377682906917, 3.691721175745294, 3.579144483998499, 3.996147557501426]
['LLVM\\_75\\_w', 5.749646457412707, 6.651286080662648, 5.495438049699678, 6.399695696999781, 6.069978111954751, 5.219225262272752, 5.990962576539894, 6.318943467112791, 4.254563832015455, 6.367970167165869, 8.430058341563097, 5.49238446143909, 7.9896454173754625, 4.372195327926208, 5.565202375873266, 5.673234864424901, 8.429414038324694, 5.474888917260091, 5.952195956529162, 6.265882985330193, 7.453930402821479, 6.310862083326844, 6.340795898312165, 7.543331062062016]
['LLVM\\_25\\_w\\_iP(25)', 2.1231407526911745, 2.2135169013936333, 2.065229411187678, 2.6836836876995522, 2.276852359402394, 1.6520599360314248, 2.654421168811214, 2.444169626722329, 2.4116045076123758, 2.659713491097518, 2.892618354512212, 2.1687336918149662, 2.42128823641972, 2.212765355042765, 2.39199802226097, 2.2077631871157974, 2.232594031941777, 1.8685832136607272, 2.942401274448579, 2.1309803781929926, 2.5903078195643823, 2.151222649477086, 2.494589422345231, 1.6842534969404928]
['LLVM\\_50\\_w\\_iP(25)', 5.451973963371561, 5.548618731953554, 5.981115576189314, 3.8915529522735053, 4.13682572804127, 4.272259699591621, 3.946214669546661, 4.560988448187256, 5.608351966015122, 5.333640568277828, 5.3616032362608985, 4.185838122774084, 5.447473125681751, 4.872065307615537, 5.8170430434568345, 3.835069193916401, 4.16473036196969, 4.465783188300251, 4.504354900228142, 5.2498554362805185, 3.6752962660827024, 4.6354210861031655, 4.345503703993494, 5.392095318590624]
['LLVM\\_75\\_w\\_iP(25)', 5.8922797657883335, 6.381376965563834, 7.438343719897536, 6.413656523492339, 9.13258006465662, 6.588207922741374, 8.724795977627142, 9.08379868472356, 5.444102867564461, 7.434750843856892, 8.20237379542636, 6.655979337833626, 7.23846112056419, 8.66143140855595, 8.26766520137138, 8.264870329507552, 8.27831661796235, 7.5730543465404585, 8.690374160541785, 6.898513802420666, 7.143467203427174, 8.661124003950166, 6.379271280303398, 8.361940660989903]
