['LLVM\\_baseline', 0.0, 0.0, 0.0, 0.0, 0.0, 0.0, 0.0, 0.0, 0.0, 0.0, 0.0, 0.0, 0.0, 0.0, 0.0, 0.0, 0.0, 0.0, 0.0, 0.0, 0.0, 0.0, 0.0, 0.0]
['LLVM\\_25', 2.3331514289129585, 2.9240955523028043, 1.9087691224493037, 2.354673011025201, 2.2524586568031095, 2.762368080149284, 3.1465767001538687, 1.9144599184316196, 1.9353777228643252, 2.5298404572530226, 2.750598202586948, 2.453190159075836, 2.3575731337260963, 2.3594400128502873, 2.951510261980903, 2.35880345005616, 1.8688495778720173, 2.4919558908687756, 2.6183087321260277, 1.4318244728321878, 2.249062895750032, 2.157487649566585, 2.450667891507515, 2.1722589539918915]
['LLVM\\_50', 3.5084116630531006, 4.82251632518468, 4.718346058801216, 4.634833305911964, 5.093864273663266, 4.273776350454885, 3.6158024714964334, 4.1464697951256175, 4.814748463826787, 4.256160908342586, 5.187713042294415, 4.870511774421156, 4.188712173548314, 3.773052782305521, 5.377582820194015, 5.40998847320103, 5.49068836757259, 5.831048741243041, 6.591797829245461, 5.885434982936579, 4.974137106323819, 6.0732638653054165, 4.795848230582373, 5.238146088320564]
['LLVM\\_75', 5.644828870721022, 9.45136610469357, 8.25943846314131, 9.079986889125253, 6.94266167521114, 7.9849085707065655, 4.369003367310342, 7.600658308501677, 6.836097287200212, 6.043729086738784, 8.70250316372815, 7.023597415630313, 8.608892747396473, 8.001190660716778, 9.038614999249733, 8.117810992029439, 7.630271564369245, 7.140952611254258, 6.763171754555562, 8.761962372400069, 7.815224493299802, 9.017165034870406, 6.420723623088692, 7.642685301680951]
['LLVM\\_25\\_w', 1.544240527283087, 1.8391731845792103, 1.2205382496851682, 1.340611121548426, 0.8043417551260732, 2.1378130858932787, 1.513124710904025, 2.2245311000774404, 2.569286427264956, 1.763516446735021, 1.396440165364599, 1.5132490970557146, 1.5249614592024041, 1.8843398220855005, 1.741899100928215, 2.0794051869347565, 2.3590199399052256, 1.8948143701011124, 1.2039245824879568, 2.213188431091935, 1.6324436476860376, 1.7119649243492072, 2.133280120206435, 1.010265858438169]
['LLVM\\_50\\_w', 4.952299938047243, 4.595144550172001, 2.4128085903959, 5.294532300243009, 4.196792432779505, 2.065401482654406, 4.872722849135219, 4.581855676054708, 3.1605326870087, 2.487491036631577, 4.113647756780087, 4.640731185272088, 4.438126104530548, 3.0505118075244195, 4.171963204986744, 2.8906411392851172, 4.430743509020936, 4.672150306357003, 4.286685417375922, 2.664449895676989, 3.9011218549531534, 5.100726952096754, 4.031837796862719, 2.4438019695992064]
['LLVM\\_75\\_w', 4.844971489845754, 6.857535595631121, 4.453624467571043, 6.52080556156994, 6.902723689312534, 6.421483470535475, 6.50655708860918, 6.523639065254461, 6.4054394624240665, 6.227881467061372, 4.0274864069497, 6.029864746982352, 6.9008333573642195, 8.303416165606794, 5.662736007228911, 5.853269618182413, 4.948226319977391, 6.824347693752179, 7.271014754323109, 7.468767129317203, 7.543992984337708, 4.715503777031069, 3.7007389402725597, 7.912980267944489]
['LLVM\\_25\\_w\\_iP(25)', 1.6035251256397836, 2.03416279388921, 2.349046562865731, 2.177970423443681, 2.315118847639573, 1.5754305286306147, 2.012120546116418, 2.087790122051604, 1.3268011824010746, 1.634268236084279, 1.9767903954069665, 2.739944643728441, 1.2794293761192586, 2.3846113572993, 3.1691290595074126, 3.1028129726012623, 2.345471754488341, 2.1347780761912545, 2.6359515310270623, 2.3922220872459135, 2.511466146004571, 2.304072509334028, 2.110179049611583, 1.8625510435189236]
['LLVM\\_50\\_w\\_iP(25)', 5.218993239053625, 3.3353703800690955, 4.3958277935363075, 4.470082215730125, 4.487039141574305, 5.198014331628189, 6.066265571735348, 5.917040466706052, 4.790996289552436, 4.959030270778811, 5.444302161701919, 3.8045936240237794, 5.485860966616388, 5.578876577954769, 5.139819077368444, 5.066268028949039, 5.749102987145874, 4.607919730782551, 4.765118312942983, 5.914666394258684, 5.1624925850136645, 4.505513372620549, 3.82995371479441, 5.427458184367434]
['LLVM\\_75\\_w\\_iP(25)', 8.750404035405062, 7.417273275199829, 6.601021518245945, 6.999727620845625, 7.020498658629988, 8.581798721866017, 6.749402397835784, 5.766198487088938, 7.894226819020003, 9.146819906088048, 7.9739701584867415, 7.482528781242258, 7.358329885991216, 7.734034641434247, 5.501706752701119, 6.227573849018358, 7.979117912970638, 6.320260908621042, 5.861055022938693, 7.027419257712322, 8.680614258779254, 6.60690589754377, 6.874534068614107, 6.730099434065191]
