['LLVM\\_baseline', 1.0, 1.0, 1.0, 1.0, 1.0, 1.0, 1.0, 1.0, 1.0, 1.0, 1.0, 1.0, 1.0, 1.0, 1.0, 1.0, 1.0, 1.0, 1.0, 1.0, 1.0, 1.0, 1.0, 1.0]
['LLVM\\_25', 0.978328235734294, 0.9686894920933307, 0.9711692033098394, 0.9688101026209743, 0.9768580247844177, 0.9762785897914469, 0.9747915129579444, 0.9715269888618465, 0.9794749336423099, 0.9808289311870354, 0.9743195334862547, 0.9749474340204852, 0.9768455069433023, 0.9793788863071704, 0.9753048206808673, 0.9727216565986668, 0.9812789253740282, 0.9754328174400144, 0.9757623211634142, 0.9661115174310574, 0.9707086966249355, 0.9773647832057167, 0.9648970944224258, 0.9730235609227466]
['LLVM\\_50', 0.9431686558827881, 0.9435245854856038, 0.9506111572466627, 0.9342833009353878, 0.9345808533225806, 0.9410938731730218, 0.9393725951188286, 0.9459466274751201, 0.9429781591150053, 0.9546932153514581, 0.9503641380120029, 0.9457969003075648, 0.9481793479210743, 0.9640142933756914, 0.9367576182684609, 0.9411283633754642, 0.9579951118674477, 0.9361177258951581, 0.9479581238593706, 0.9501456962936586, 0.9353521247081357, 0.9363650044494976, 0.9452337900327089, 0.9425527471652743]
['LLVM\\_75', 0.9423715445355122, 0.9076656785569329, 0.9094073911272419, 0.9120082054168672, 0.9264250770562342, 0.9352047152117433, 0.9397781851201801, 0.923043560768184, 0.9199348046184143, 0.9155525626669985, 0.9173670294564802, 0.9280798782107852, 0.9211250880922907, 0.9174669258028412, 0.9159369133715093, 0.9197042045001028, 0.9117363306519002, 0.9174855794892349, 0.9156951073592788, 0.9334165560678342, 0.9108880797178983, 0.9124404581654947, 0.928976110502557, 0.9152804983296745]
['LLVM\\_25\\_w', 0.9836782619615979, 0.9809887100226339, 0.9814859453374865, 0.9824802936370034, 0.9724147072583819, 0.9731158395514413, 0.9827394723264405, 0.983477315841554, 0.9816908857856342, 0.9776368187262274, 0.9852465776404387, 0.9867530085457711, 0.9737857484565253, 0.977967214178842, 0.9738159180065987, 0.9826225765682486, 0.9788026145686749, 0.9783452587389712, 0.9756813117599167, 0.9773168944387894, 0.9791173279257447, 0.9705149358075001, 0.970448366650515, 0.9829926010016493]
['LLVM\\_50\\_w', 0.9659009889848068, 0.953893935823111, 0.9491377250349899, 0.9594042692649888, 0.9584678896423731, 0.9563742522329268, 0.9527860478027871, 0.9529222166847375, 0.9788018598381626, 0.9579744811584903, 0.9777356912978932, 0.9772212195026653, 0.9587398933743695, 0.9827559807480876, 0.9688662722665409, 0.954853599901297, 0.9664592535521296, 0.9495031843325057, 0.9554727214046161, 0.9563741033498225, 0.9552536997802055, 0.9724947866840066, 0.9525298104225576, 0.9655033863921348]
['LLVM\\_75\\_w', 0.939001553608557, 0.9201173201880987, 0.9049135120761683, 0.9287981707424071, 0.9134453432290218, 0.926933454827966, 0.9179327275386792, 0.9396347902430175, 0.9351766658065996, 0.9204728846546953, 0.914117803941809, 0.9270001006935479, 0.9174244226567215, 0.9238031003140909, 0.9505957897062027, 0.9711690483566698, 0.9264573285886637, 0.9306670721465188, 0.9576520095198042, 0.9402596306141823, 0.9618244026481451, 0.9237378666656217, 0.9326252526402096, 0.9344722936644919]
['LLVM\\_25\\_w\\_iP(25)', 0.9809799951212435, 0.9770719745138192, 0.9741597190770326, 0.9789467969443638, 0.9787620273849635, 0.9760509597458925, 0.9742444767131261, 0.9763788755675922, 0.980126302080336, 0.973217933753043, 0.9773380517815251, 0.9715097748113256, 0.9772447320283573, 0.9752698192618963, 0.9647804770330604, 0.9765487507923385, 0.9676317822332218, 0.9696667325857231, 0.9777988937487154, 0.9737545415005352, 0.9782381585988803, 0.9745994021940193, 0.9735355269863171, 0.9737300320583697]
['LLVM\\_50\\_w\\_iP(25)', 0.9596833617175737, 0.9544016329282895, 0.9503540833886431, 0.9558543783213037, 0.9549353817498388, 0.9430967047108159, 0.9516661572335766, 0.946145509485722, 0.955397947018051, 0.9486128732911838, 0.934731229408007, 0.9456700393204047, 0.937780835290502, 0.948951048536536, 0.946806064593389, 0.9539867664491279, 0.950436889823175, 0.9373126019008334, 0.95516932438483, 0.954720432425878, 0.9556532048976062, 0.9432215942306671, 0.950338515899044, 0.9498806856419754]
['LLVM\\_75\\_w\\_iP(25)', 0.9263133076965293, 0.9378817669770136, 0.93059652027313, 0.9078343200085113, 0.9106584836474981, 0.9193925195341168, 0.9450362044665371, 0.9284267598148505, 0.9171808445470662, 0.9338217986571714, 0.9383783076445033, 0.9289508220203465, 0.9159691811359509, 0.908136142252216, 0.9214803043837441, 0.9207426352012597, 0.9051120694750683, 0.9260118250259564, 0.912729942681115, 0.9056508906493261, 0.9198001150564006, 0.9067417653410953, 0.9314457292104971, 0.9117740757874583]
