['Baseline', 1.0, 1.0, 1.0, 1.0, 1.0, 1.0, 1.0, 1.0, 1.0, 1.0, 1.0, 1.0, 1.0, 1.0, 1.0, 1.0, 1.0, 1.0, 1.0, 1.0, 1.0, 1.0, 1.0, 1.0]
['0.25-weight', 0.9959954276908817, 0.9970129320173667, 0.9979113893626727, 0.9972239881666779, 0.9962299392729617, 0.9977841457943887, 0.9964276347582174, 0.996710009392864, 0.99810038579291, 0.9970570807861427, 0.998835415587264, 0.9984606650473544, 0.997101116843783, 0.9979830189008269, 0.9972896261949624, 0.9981429451889324, 0.9952727991563469, 0.9965748727360998, 0.998725679669847, 0.997845914977663, 0.9988776460712698, 0.9975522456548253, 0.9966200529305252, 0.9964847359551496]
['0.5-weight', 0.9942425793375014, 0.9954883654646058, 0.9917109009290019, 0.9990191713372021, 0.9950001992475602, 0.9962820748698304, 0.9883810212102664, 0.996048127523752, 0.9946434326334969, 0.9971104711962275, 0.9931428282677193, 0.9910136025086965, 0.9917995691196904, 0.9957592449734992, 0.9978162695094319, 0.9972564300014981, 0.9942981915002537, 0.9952843076510149, 0.9920929052025395, 0.9912293440476109, 0.9929435569807267, 1.0011723836789426, 0.9920060672785849, 0.9925467823004903]
['0.75-weight', 0.9860558538589385, 0.9811960484813487, 0.9811025413584058, 0.977798567638145, 0.9837176913759318, 0.9868819122133573, 0.9812480998486675, 0.9904852534048889, 0.9909098714936303, 0.9841320137599465, 0.9853139950624596, 0.9938578671124616, 0.9847034761053587, 0.9849245017716741, 0.9843873977685399, 0.9867025882465266, 0.9912342067465543, 0.9829419204020092, 0.9753602935034822, 0.9906035337047255, 0.9924047354313184, 0.9939016332954606, 0.9871902883084922, 0.9872904651866626]
['0.25-weight-B=25', 0.9976872705797731, 0.9975197854431427, 0.9950562892294755, 0.9952816427611725, 0.9973734134788466, 0.996146402161679, 0.9971751959673286, 0.9960315872815445, 0.9975283862816047, 1.0000567177616442, 0.9967747752910462, 1.0009620829986257, 0.9956306650126987, 0.9998912423594346, 0.9997298618281084, 0.9967695355758005, 0.9984739033172517, 0.9952869368162192, 0.9980621921998843, 1.0013022506131302, 0.9953712471280365, 0.9971733733462385, 0.9971256902985212, 0.9953035381137938]
['0.5-weight-B=25', 0.9951023314312035, 0.9947558897661682, 0.9937674568022419, 0.9907974512403129, 0.9895703514905897, 0.9948660346268428, 0.9896472291629558, 0.9908673739952009, 0.9890157225564746, 0.9881651807788023, 0.9933836720904555, 0.9877003868967631, 0.9876088440628269, 0.9905676113280419, 0.9880472390755297, 0.9897119305220765, 0.9934905995327873, 0.9903852414935616, 0.9898057853981361, 0.9926459734203671, 0.9980205883657174, 0.9927755453755044, 0.9953410897719839, 0.9926930118030256]
['0.75-weight-B=25', 0.9787088649065129, 0.9785217145736732, 0.9810718970315884, 0.9846855691324798, 0.9728197648856177, 0.978548486671746, 0.9812061099315071, 0.9766806337136801, 0.9824528338725038, 0.9762337736243432, 0.9709821802812215, 0.9817867910406595, 0.9783880556413971, 0.9794137849415883, 0.9800336527146469, 0.9781260798826609, 0.9763454245413835, 0.9796571236719083, 0.9756696915388878, 0.9769016727366214, 0.9749979398291221, 0.9808394194988491, 0.9756367605738879, 0.9803545817820507]
['0.25-weight-B=50', 0.9966210742793838, 0.996176609589921, 0.9972682365920899, 0.996888409581585, 0.9979682213775856, 0.9940913844036555, 0.9967625700176618, 0.9983666978711617, 1.0003943311992851, 0.996612224980071, 0.9974862924422964, 0.9968573132614019, 0.9979115527734661, 0.9970216407495348, 0.995882397087505, 0.9969608709681773, 0.9962259394660823, 0.9957617821561553, 0.9946863339269332, 0.9954936681647824, 0.9997003359666307, 0.997853839581556, 0.997804647764601, 0.9939676415340479]
['0.5-weight-B=50', 0.9907611016322924, 0.989154256099965, 0.992971063831163, 0.9902516542433629, 0.991465228545213, 0.9895623208304596, 0.9909037218829191, 0.9913572653694929, 0.9900429342849144, 0.994360816072497, 0.9895173572095027, 0.9920991292058975, 0.9959638075599622, 0.9946255628348423, 0.989215671505388, 0.9957894180726067, 0.9943881390472612, 0.9919634083912485, 0.9914670293971453, 0.994590689760545, 0.9983145854329983, 0.9935890813583371, 0.9917543584075784, 0.9911646996324455]
['0.75-weight-B=50', 0.9751258541599896, 0.9796885054168684, 0.9706317009282693, 0.9787164073229173, 0.9778289029841222, 0.9781596347856665, 0.9757460325510355, 0.9814014987512777, 0.9751720793151012, 0.9851710996742585, 0.9768165788869456, 0.9824065682135373, 0.9846537468871612, 0.9857555482958109, 0.9793427795744307, 0.9809582685668715, 0.986374006884662, 0.9776936249886157, 0.9750113701769997, 0.9801596821008368, 0.9842218154316462, 0.9800408708317025, 0.9832051599858228, 0.9758657308117438]
