['SQL\\_baseline', 0.0, 0.0, 0.0, 0.0, 0.0, 0.0, 0.0, 0.0, 0.0, 0.0, 0.0, 0.0, 0.0, 0.0, 0.0, 0.0, 0.0, 0.0, 0.0, 0.0, 0.0, 0.0, 0.0, 0.0]
['SQL\\_25', 0.1621919854567653, 0.5175924794443031, 0.67861238702125, -0.22839744132370837, 0.40236079214262604, 0.4493340675547066, 0.30391276499904774, 0.41552673718933375, 0.2545921345984763, 0.2900772710673566, 0.11655913664802629, 0.6358379452069884, 0.5611098632159233, 0.15165238621127092, 0.45878446780492493, 0.641962053584656, 0.48149818817916396, 0.5928046644861715, 0.47739068399351814, 0.7402178451930771, 0.3756053247609799, 0.529511350341562, 0.13785216733274044, 0.13152177192142986]
['SQL\\_50', 1.4296067783502644, 1.7912462167797154, 1.5317966138038634, 1.7711541422161798, 0.5730406785530126, 0.9008372821624248, 1.5924616177732847, 1.2558486925892969, 1.0485423601965829, 1.8113486528564426, 1.3863894685974651, 1.3463442356180813, 0.8786996285783046, 1.50542040951089, 1.078472893958695, 1.4958217874495259, 1.6328078122251863, 1.0333021862589578, 1.7613024942489144, 1.1077876516839713, 1.2827511722778226, 1.6518909907361248, 1.461726332354957, 0.7894945672539084]
['SQL\\_75', 3.3679979352130984, 3.158851314042818, 2.9822782680018016, 3.3398325793527395, 3.8906189846134906, 2.0841208935035995, 3.1734972340227996, 3.65098009528544, 3.8077291917026415, 3.0414946815104513, 2.8982862276566963, 3.434538570462095, 2.9640198407286245, 2.274472540447675, 2.4715449020793554, 3.071036942578326, 3.768911403302299, 2.262980195506763, 3.5920269339265816, 2.9327589318799707, 2.746326931905649, 2.953185079396519, 2.7769265535232637, 1.2331223000320382]
['SQL\\_25\\_w', 0.4909253502451416, 0.4074996691220626, 0.265634660428758, 0.2957910768582062, 0.4410799777804101, 0.10746712176663871, 0.4244469679917439, 0.061422191134925815, -0.35291951040259206, 0.20328508889010147, 0.059858071475935234, 0.10965328706869168, -0.4425416707447719, 0.25201328379723403, 0.17285700906917933, -0.2673449634405236, -0.3442097064464131, 0.25739228609664894, 0.4219515123174365, 0.31511569823483154, 0.19907471501688237, 0.40095691555309715, 0.22157982176062366, 0.5815775377997682]
['SQL\\_50\\_w', 0.9417399554018193, 1.204689420441667, 0.34670265436480086, 0.27831222765980707, 1.210419327961014, 0.747307550285736, 1.3267272675298019, 1.7172001461969737, 0.5603561195700989, 0.6677619040353361, 0.5779392061602168, 1.2438607816564196, 0.9555290432672309, 1.4969749111173192, 0.651193307264319, 1.0110941509136977, 1.3091191999426304, 0.666729404722535, 1.6956707367262103, 0.8961323872354301, 0.7667243190506381, 0.8027237113184418, 1.5920207370767403, 1.1005796716110676]
['SQL\\_75\\_w', 3.109796689595619, 2.9322047476907076, 1.0459317935280752, 1.526453135305848, 1.45017251888673, 1.4030032038862408, 0.5120682351024386, 2.548043811534478, 1.8466319183891384, 3.11956568111001, 1.1111726841317944, 2.519569888029524, 3.6294953435150963, 2.030595889135826, 2.4844300557522376, 0.44711704288850757, 1.6186820274328757, 1.6300193317573752, 2.401710533627791, 2.342677948136865, 2.5083205021406356, 1.4641052362598108, 2.8069746362262644, 2.4048806090793446]
['SQL\\_25\\_w\\_iP(25)', 0.42577147814529265, 0.6065173741407126, 0.45605192589982735, 0.4461283340887355, 0.6344179955205688, 0.37843083637734154, -0.00932717783458658, 0.8387169082776027, 0.28131090715584955, 0.17738980730634554, 0.34792823898318226, 0.4897086766983432, 0.6341973412434311, 0.4352089617847904, 0.04846487530350314, 0.38252022614188796, 0.5322562934855659, 0.645636354924835, 0.5757075210929469, -0.07647527143022008, 0.430268417791936, 0.31156506063149364, 0.4680095870511818, 0.38755160708630604]
['SQL\\_50\\_w\\_iP(25)', 1.0489783799954682, 1.2284329019059006, 1.4807830773387134, 1.547036644518839, 1.6930210378807535, 1.3193522154908934, 1.0068704745760533, 0.3193449279718521, 2.155199406489325, 1.4613191350581805, 1.4401662759944969, 0.8286733214493166, 1.2125474148898008, 1.6026663159524026, 1.644045826370707, 1.2651250157495162, 1.6968022677132604, 1.4646072003452275, 1.6455311390353142, 1.1615083218126878, 1.0974854663021896, 1.211912940746979, 1.1904593837855524, 1.4823670414268886]
['SQL\\_75\\_w\\_iP(25)', 2.4476755700565507, 2.0436993718423153, 3.064789880582173, 1.9853489752904037, 2.6887349190691037, 2.322273360585568, 2.951729165709356, 3.0352519223751164, 2.6032072289459536, 2.8361115837387736, 3.4860260417885844, 3.017478222078273, 2.925154188594738, 1.6745758134424351, 3.0876906046436208, 3.080109860361378, 3.041985238726353, 3.788446550557451, 2.9644962064805074, 3.0387116752967156, 2.744417091816731, 3.3901602937039996, 2.927039589801958, 2.61598138240351]
