['SQL\\_baseline', 1.0, 1.0, 1.0, 1.0, 1.0, 1.0, 1.0, 1.0, 1.0, 1.0, 1.0, 1.0, 1.0, 1.0, 1.0, 1.0, 1.0, 1.0, 1.0, 1.0, 1.0, 1.0, 1.0, 1.0]
['SQL\\_25', 0.9968011338474053, 0.9964445085727808, 0.997116826200568, 0.9969277789266476, 0.9969858093643517, 0.9964005707463925, 0.9969849657968903, 0.9965660472575457, 0.9964984271193991, 0.9981226076961028, 0.9973114571902614, 0.9972514839653118, 0.9978238023455407, 0.997953657156155, 0.9982460703142564, 0.9964594153883061, 0.9970110369848606, 0.9981056281514762, 0.996997934339914, 0.9971684768071283, 0.999080920385841, 0.9985523461659774, 0.9970111176168769, 0.9979137753821264]
['SQL\\_50', 0.9895003580084533, 0.9886212944899547, 0.9876489979133908, 0.9930085991490927, 0.9927624228484985, 0.9940391431512662, 0.9924124656595624, 0.9940821284929013, 0.9881450170302545, 0.9891169858309791, 0.9943379727688257, 0.9882060050056349, 0.9911350232705374, 0.9917789234551821, 0.9917494485875201, 0.992328807208134, 0.9937908282188682, 0.9898286674905846, 0.9912996783616782, 0.9947176708359368, 0.9883170863511364, 0.9931594458969965, 0.9904888523189779, 0.9928408585159512]
['SQL\\_75', 0.9751069350595221, 0.9732537999860643, 0.9728489570161634, 0.975651063430856, 0.9732533652585859, 0.974285683973916, 0.9784950652382944, 0.9774139563158577, 0.9755073970722358, 0.9864020286383125, 0.9748461466852351, 0.9713598367262196, 0.9751803084613443, 0.9778537586492447, 0.9757180510111366, 0.9764022516465592, 0.9747957721080093, 0.9755505222432382, 0.9799129199097625, 0.9761613444013952, 0.9769500134960121, 0.9781562181534202, 0.9805186205069398, 0.974731157860083]
['SQL\\_25\\_w', 1.0013979246867577, 0.9985576762614247, 1.003402289590085, 1.0021299016371714, 0.9969482637493612, 0.997201841224259, 0.9965976663244912, 0.9985405509208389, 0.9986984770248332, 0.9976261004533505, 0.9965677151972081, 0.9966588225400731, 0.9968597983906042, 0.996765571363768, 0.9975976699819581, 0.9966367072453175, 0.9974416923133151, 0.9968677538699843, 1.000029924402863, 0.99856783453119, 0.9992190371270672, 0.9979484653438363, 0.999102945838445, 0.9962222647186612]
['SQL\\_50\\_w', 0.9938271614343396, 0.9952530776600499, 0.9926348063913586, 0.993950313232631, 0.9925983479027602, 0.9914483982543316, 0.9954490111149612, 0.9950791401117387, 0.9915711657343624, 0.9925132310995453, 0.9943901664324653, 0.9946048625062154, 0.9945209760965219, 1.006631715111928, 0.9896180875393862, 0.993853480578029, 0.99131605242427, 0.9895126993266673, 0.9925343573300734, 0.9962066445129708, 0.9937495901513986, 0.9941454246751941, 0.99291296954146, 0.9987439971170495]
['SQL\\_75\\_w', 0.9891436940742644, 0.9937322258011165, 0.983742651825326, 0.9846379616452196, 0.9887875313967501, 0.9857519342245223, 0.9829014906380628, 0.9845245645481471, 0.9872084737003202, 0.989069776791332, 0.9853502663719629, 0.9840747979944375, 0.9848403024586828, 0.984558407531709, 0.9907867996194036, 0.9870465590952885, 0.9817789301031028, 0.980520640555773, 0.9835399896309461, 0.986343128205563, 0.9885969739000362, 0.9846136800536471, 0.9860336481135068, 0.981747033036122]
['SQL\\_25\\_w\\_iP(25)', 0.9951408676342719, 0.9980718444584853, 0.9962718947950022, 0.9967782775334513, 0.9972691641170603, 0.9966114222261679, 0.996581342699962, 0.9977173948065398, 1.0014349413986487, 0.9964527379172402, 0.9954444430304321, 0.9986915891304134, 0.9996942998197376, 0.9987185056556032, 0.9973079920895166, 0.9951414812738161, 0.9969927357499127, 0.9947692482323315, 0.9966625280220628, 0.995392360152169, 0.9965414525222451, 0.997108100657396, 1.0025247736818663, 0.9973748932285617]
['SQL\\_50\\_w\\_iP(25)', 0.990625897348354, 0.9920127408921858, 0.9893088176274584, 0.9903825938469369, 0.99496935712971, 0.9909751053951148, 0.9909278163822288, 0.9903894886695653, 0.9903740222079808, 0.9952877762454108, 0.991630528227887, 0.9905415796480916, 0.9917799095497841, 0.9896028054359007, 0.9931754433325581, 0.9923978142973472, 0.9931182710329777, 0.9940730870192974, 0.9933540891791464, 0.9885462022542946, 0.989283039976437, 0.9949075598673939, 0.9930227753060644, 0.9921659885141295]
['SQL\\_75\\_w\\_iP(25)', 0.9798698201521577, 0.9782713239171678, 0.9789018552280372, 0.9772876342156046, 0.9792328431991629, 0.9809129914346739, 0.9745814813900646, 0.9684492130879058, 0.9803561202309325, 0.9776236455614457, 0.9779565269306695, 0.9778009721801953, 0.9826686428319261, 0.9778841515445752, 0.9774402356603642, 0.9804199806226925, 0.9757520459413862, 0.9753192334272138, 0.9769387403359107, 0.97995879477391, 0.9753609334522907, 0.9772900186422082, 0.976642798540922, 0.9835303635843349]
