['X264\\_baseline', 1.0, 1.0, 1.0, 1.0, 1.0, 1.0, 1.0, 1.0, 1.0, 1.0, 1.0, 1.0, 1.0, 1.0, 1.0, 1.0, 1.0, 1.0, 1.0, 1.0, 1.0, 1.0, 1.0, 1.0]
['X264\\_25', 0.8812505924103715, 0.8919037737980766, 0.9235112334909724, 0.9009095727645795, 0.9061303524538656, 0.9209892152525492, 0.8845971621883232, 0.9066253760073905, 0.9243817781971011, 0.9201949328586635, 0.8994838731835971, 0.9050949760346907, 0.8866948189255394, 0.9131567294675133, 0.8909096676019841, 0.889284636356862, 0.9020546776325532, 0.916685312163049, 0.8987275948845368, 0.9238872171208227, 0.8886438814379432, 0.9008070487335397, 0.8966172873785415, 0.9298517123588651]
['X264\\_50', 0.8174977800862102, 0.8587104814971295, 0.8029592381954695, 0.8452641448791041, 0.7922183725221223, 0.8428047651757758, 0.7962563009351441, 0.8054421041958747, 0.8643364192542693, 0.8290863413192725, 0.8041060690563803, 0.8359245606766904, 0.8201274117621167, 0.8294685794114797, 0.8200394193837599, 0.8060714625569421, 0.8082374830792961, 0.8520694658948448, 0.8340232619203557, 0.8049758163420355, 0.8254079681888474, 0.8366916867039006, 0.8354826459329742, 0.8027424625621462]
['X264\\_75', 0.6626844798739574, 0.8040925317906347, 0.6652585865682709, 0.7684017415026756, 0.7344832024733039, 0.7181845337465469, 0.6836960803257572, 0.7563087333521735, 0.6988685277591229, 0.6659404124934488, 0.7368210621029586, 0.7447325650381272, 0.8188993814367941, 0.7189502000286137, 0.7240138790237886, 0.7419098921796634, 0.7510609782955135, 0.7062231525829987, 0.7083880503299674, 0.7826261548682579, 0.7309902104747742, 0.7532060596132591, 0.7554282913661216, 0.746587782816979]
['X264\\_25\\_w', 0.9462218018605878, 0.9428794114847183, 0.9303869027372783, 0.9328415104823066, 0.9361187635010816, 0.9089559593871688, 0.9462305484333933, 0.9389386296204311, 0.9063925478505639, 0.9260614153977236, 0.9424544378944661, 0.9155727279792693, 0.9067972582255128, 0.9414184749291027, 0.930343769200863, 0.9507693747821817, 0.9294358279903611, 0.9052950357422066, 0.9139846945921105, 0.9528343964132937, 0.9054937143757266, 0.9277523318096852, 0.93958569555269, 0.950221179616119]
['X264\\_50\\_w', 0.9269869140299728, 0.8711665103448575, 0.9149595043234044, 0.8980030772251653, 0.8585325709727586, 0.8585756191217727, 0.8838578796392094, 0.8846099494231014, 0.9120392215048736, 0.8948520076804155, 0.8935232472411446, 0.8768338686299741, 0.8596877290295971, 0.8352814837636, 0.8557438397881307, 0.8587367118992761, 0.8731489429857249, 0.8394368712346674, 0.8763854597026584, 0.829270652710382, 0.8877131935323354, 0.8291393928551483, 0.8926513240445973, 0.8631211344749515]
['X264\\_75\\_w', 0.8610834501316258, 0.8201615593092222, 0.7747770433638619, 0.7620798155092342, 0.8348984873348292, 0.8042940323529743, 0.8026783117007903, 0.7604963009351899, 0.856064849593594, 0.8179246104662036, 0.7663023191579859, 0.7835286393936489, 0.7931769007715629, 0.7672652672744558, 0.8522527993689156, 0.8036023301647581, 0.8096538936288694, 0.8000902331715427, 0.8028407591376481, 0.8510968475615116, 0.8168017359777542, 0.8218122959786957, 0.8223075627689509, 0.8297602397517939]
['X264\\_25\\_w\\_iP(25)', 0.9196753436913789, 0.9006281703385026, 0.9018645745547464, 0.9098284283095184, 0.9523664552698319, 0.8913325756005996, 0.889622290398372, 0.9021573616607003, 0.8843435432150171, 0.9055654822958501, 0.933246020172473, 0.8917558435302403, 0.9100273528834514, 0.8688171296517976, 0.9109589930047854, 0.9331636717671613, 0.8999066344166982, 0.9311308347685789, 0.915110360579515, 0.8873079426606961, 0.9403505427728857, 0.9241509221395998, 0.9253522200678823, 0.9190438242847625]
['X264\\_50\\_w\\_iP(25)', 0.7736682814168085, 0.8697751203236045, 0.8004906097986667, 0.8208968695043263, 0.8158323998568902, 0.8534699914290231, 0.7631617793370692, 0.9068783471312917, 0.782975636940517, 0.8127648463056627, 0.7867774983776126, 0.8125350164792597, 0.8980675047908759, 0.8094116595921663, 0.8304499351446295, 0.8498384231714516, 0.8348350091599394, 0.8847021855560977, 0.8291688333848454, 0.7780273751079761, 0.8159856798464112, 0.8132752370439387, 0.8214631398247441, 0.8515452286477473]
['X264\\_75\\_w\\_iP(25)', 0.6746971664631696, 0.758068035343691, 0.6845951903714697, 0.7360477431452201, 0.8031614173389857, 0.7721282404447078, 0.6830050408139594, 0.7014607042172212, 0.718116464179837, 0.730135448402654, 0.7748862119919437, 0.7830887133525543, 0.7238449655851901, 0.7319457696266952, 0.7319080116763854, 0.7770685681003143, 0.7229572794510467, 0.7257815523923261, 0.794459416127984, 0.7472661648008568, 0.8333272134975247, 0.7204879376100237, 0.6502044652907863, 0.7480175881185334]
