['X264\\_baseline', 0.0, 0.0, 0.0, 0.0, 0.0, 0.0, 0.0, 0.0, 0.0, 0.0, 0.0, 0.0, 0.0, 0.0, 0.0, 0.0, 0.0, 0.0, 0.0, 0.0, 0.0, 0.0, 0.0, 0.0]
['X264\\_25', 12.33936381152139, 7.682485728189757, 9.522502046081119, 8.290668561841867, 9.238614259721846, 8.723929830687753, 9.953247507933119, 7.0146704360016345, 10.51894963633972, 8.458007990873403, 10.161627772823357, 8.685423070448154, 8.04301494592408, 8.711716955881288, 9.615884024354408, 12.987122445957334, 7.5672941729001595, 7.5509954163836905, 10.295488361316735, 9.565872676611708, 8.647148639441667, 10.118153569109051, 8.976318413699062, 9.556596005429974]
['X264\\_50', 20.28463731899099, 17.58572421036994, 14.229094039950548, 19.40168037597422, 16.384523498419263, 22.392160315373555, 15.173450716118788, 15.153062346688406, 13.516198137599833, 18.006139558546966, 13.189616066469371, 20.453426402413896, 17.474864336541177, 15.00155543829405, 14.707577210610118, 18.564937088764978, 18.34249620728002, 15.13144894431729, 18.706101764671306, 18.405145205311303, 20.06612983889006, 15.082520696768835, 16.497717888968523, 16.111546491683537]
['X264\\_75', 30.41387212529035, 29.00746320490629, 29.44674345373061, 28.846997115418926, 32.904197185695494, 28.01170015889337, 30.72768025537955, 27.497743154253364, 23.70270553038722, 30.308566337969175, 20.13006693128428, 23.738080439517923, 31.40814327268815, 26.44995477792731, 22.858085490050854, 28.97017957082507, 28.428811455203757, 29.035914350576235, 30.373635726561133, 26.66699589553182, 27.794162726419675, 24.137448860222452, 27.3868449957359, 25.22738929137564]
['X264\\_25\\_w', 4.030781016801478, 5.289840547485447, 5.829264929354139, 7.908288108987628, 7.384184211846835, 6.162843904806644, 5.496788284647604, 5.441395049641609, 5.940353562526059, 7.728029822524784, 9.303316664031168, 7.29393441119735, 7.748655129095739, 6.757345034145313, 6.023463803434106, 7.548340923034471, 8.412065109932314, 8.333237001224902, 8.73403962326039, 6.19473376349557, 6.428002996617225, 5.834395385968097, 9.58960614221025, 5.926533268694332]
['X264\\_50\\_w', 14.65660671847919, 5.629772820715007, 13.384121130472865, 10.076209273288981, 8.777364429181175, 12.798151733221905, 10.120660354429843, 9.07887888813451, 10.213837616287783, 18.637624521439186, 12.072299279723293, 9.791752670478045, 9.514647634968778, 12.941783295093037, 9.869312794713771, 8.398112885649915, 15.744587625400504, 13.170176946428436, 9.972531918453637, 10.105727873266538, 12.071848645720001, 10.548611400298777, 13.981035895912115, 11.445324377404383]
['X264\\_75\\_w', 16.310575499037615, 21.179065365263533, 23.204810613833168, 23.631570992203216, 12.294275356420554, 19.073230186703682, 19.70691644176295, 19.647642258141516, 14.028189352164349, 18.71610073143723, 18.766407916510317, 20.11151931043783, 17.806368011301068, 19.013053206080254, 20.224230326463548, 20.571213952492037, 19.31610528530652, 25.706823275058138, 21.172456948542326, 18.89627271169719, 16.736839833623335, 22.44607107829669, 14.82953759920778, 25.28475018308444]
['X264\\_25\\_w\\_iP(25)', 9.569828770557944, 9.838201125567108, 8.393028968472343, 11.516097466386233, 9.785191960981528, 14.070885389197413, 10.575580159490054, 12.052349604088544, 8.279508167359394, 9.908001262749835, 10.521005046130668, 9.393707471028474, 7.150872687322128, 8.48636759292106, 7.618875360459835, 6.975453152205039, 9.741120662107285, 9.402971203887967, 12.49076951771954, 9.230126846778681, 7.669812607333016, 7.302744361710122, 11.708163609895298, 10.425391029341602]
['X264\\_50\\_w\\_iP(25)', 14.80666982297824, 15.514186213423539, 21.35526616979118, 17.371396483301268, 18.200378703801942, 18.610588858632358, 15.691057414184847, 18.83082172601347, 17.434230087179316, 17.18274524755249, 13.836444917735601, 18.26715470702843, 19.582410962423612, 18.697623208448068, 13.65202298071903, 19.432160866816425, 16.590490452275862, 15.25291006856402, 15.121665184223568, 15.087761476676416, 16.01306190744086, 18.493145140037246, 14.382938145455208, 20.049003252566106]
['X264\\_75\\_w\\_iP(25)', 27.03435334872947, 24.53265575285554, 28.52787307873825, 26.775114740397814, 24.334063650625428, 24.49061505848068, 21.7782730533813, 23.30466688910135, 24.898527695720517, 26.90478590004397, 28.160723401319263, 34.44401732063286, 26.758031916729422, 21.9116907766204, 27.15434928295838, 28.9549994264736, 28.0955918272895, 25.513255026182414, 30.48390078066754, 27.51304427585317, 26.713916699707813, 20.731813929634768, 25.260981344916175, 26.086059948355988]
