['X264\\_baseline', 0.0, 0.0, 0.0, 0.0, 0.0, 0.0, 0.0, 0.0, 0.0, 0.0, 0.0, 0.0, 0.0, 0.0, 0.0, 0.0, 0.0, 0.0, 0.0, 0.0, 0.0, 0.0, 0.0, 0.0]
['X264\\_25', 7.791447377224323, 10.591669397447202, 8.080455976561385, 11.701360742874545, 6.9237182136099245, 9.157008740578824, 8.17085036293687, 8.01667585323808, 10.926654528584576, 8.06276675549275, 10.490728687609078, 8.039270959012471, 7.326584561258562, 8.964916263331048, 8.23460474171931, 9.86164214669614, 8.970355367506004, 8.0906522063174, 7.89098323039096, 10.95271995447123, 9.491028669922317, 6.754834547129959, 11.063313781129134, 8.96178187893988]
['X264\\_50', 15.59087242116758, 17.8142288151334, 19.831219183434524, 15.429099728195894, 19.25293958025817, 18.417705740869405, 17.46789058057665, 21.84050243421366, 20.725835160903515, 14.750027609936344, 19.692925172841036, 17.542101213784207, 17.617704518129592, 17.578674609561, 15.806922427819838, 16.228695531021543, 21.903173639179183, 18.761399348235834, 13.460875142909584, 17.2375691717467, 20.593723431979317, 16.246286602121035, 19.719365363827286, 20.302235554263245]
['X264\\_75', 25.952576254045265, 28.536395792808868, 27.543905542547122, 29.02267383353674, 28.32215133746622, 31.749235323617327, 27.98777521673244, 21.18007093922946, 26.71032764564898, 27.789776844462118, 23.570754508395293, 27.323422060507376, 26.253085021523987, 30.345298328171527, 28.86590690729132, 30.872473383224843, 29.932377361034703, 24.816549778349568, 29.09156018698611, 31.29057417756591, 24.386702910804008, 24.008352015162902, 29.244874486129014, 32.010529353488195]
['X264\\_25\\_w', 5.611922648999663, 6.321553194397063, 5.61592256550732, 8.63522061056104, 6.8906510179548945, 6.5156120193851645, 8.146024044092647, 7.648663307528734, 8.357953213554232, 6.501794607432832, 5.953331545000014, 7.247455092369679, 6.395451205745815, 7.044975615330215, 7.152175818888137, 6.966567235599053, 7.324399461958013, 5.566561679733284, 7.665197889742823, 6.3215347719181025, 5.730022299286776, 6.101383056697802, 7.881906376048288, 6.813576601789148]
['X264\\_50\\_w', 12.562316783625054, 13.103807157816874, 13.978826907174568, 9.554895480379935, 12.432383799195144, 13.883277138917238, 12.47713610475506, 14.628209950229142, 15.693349517266391, 9.071081914585555, 16.277432113566604, 12.141189178250434, 11.490182144766045, 4.32884385642395, 11.891086905015916, 14.429315453807662, 10.954308416163034, 10.88595045443581, 13.768006800881137, 14.406121654336886, 13.976413967714947, 15.434029404489399, 14.77040900278919, 13.44189974781831]
['X264\\_75\\_w', 23.049346674122877, 23.26836534712948, 25.436158140246892, 18.7835145321898, 21.868864703002398, 19.79317684364201, 22.22469092019886, 10.518303421786792, 24.66217263608342, 24.71431252736821, 14.315961159134396, 21.42362652559414, 19.64114259864965, 22.557429312044228, 21.665697652003644, 22.528780070375316, 16.246684174356588, 19.341641942082816, 15.42181826977528, 21.808933029741173, 20.484451397027925, 20.527250099149995, 22.035721694877925, 21.396864948004605]
['X264\\_25\\_w\\_iP(25)', 8.488719849489009, 8.998879001270268, 9.723357124235, 10.159175672130047, 10.950620796963394, 7.268335072490665, 8.670628023346316, 7.197514938901737, 10.911864797326949, 9.851453126644309, 7.654716075664897, 7.1695915119940015, 8.554318851048935, 5.911616513304292, 11.305386856876137, 9.822365670938694, 8.28523879491362, 9.898504054915685, 9.06924500155934, 7.936260630456186, 6.139268122296541, 9.547176447640002, 7.468684042815747, 7.288768840350144]
['X264\\_50\\_w\\_iP(25)', 15.346389970737631, 14.200092639740554, 17.01701706824779, 12.99282981268826, 21.042119418451744, 15.529382756490987, 17.336128913186972, 16.284018542990005, 16.384847213541093, 14.070621810667706, 14.412066468063388, 21.690248900191325, 16.50001061736998, 19.37538694793616, 21.570031824564893, 13.364842897335206, 14.637654576614144, 15.498579474238795, 17.289910433001648, 15.787966573403054, 18.15638602149615, 23.425317228140056, 17.49151167851118, 15.256949773729422]
['X264\\_75\\_w\\_iP(25)', 24.094888261814702, 28.874464518395918, 28.86253896422529, 17.310075745487364, 29.810372470886264, 21.153474551779198, 31.119354739359387, 24.468378440295453, 22.19744128141966, 24.50281787004122, 28.14959607368192, 28.38660273591239, 31.26368096511379, 26.722948741947754, 27.255872990615206, 25.805348203393653, 26.993207207542156, 28.47300591334287, 24.133516984413475, 27.46999218204234, 25.15478501606775, 24.732442928920456, 26.028500190689332, 32.201545011080505]
