['velocity_Base', 0.0, 0.020618556701030927, 0.010526315789473684, 0.02040816326530612, 0.0, 0.010526315789473684, 0.030612244897959183, 0.010869565217391304, 0.021505376344086023, 0.05263157894736842, 0.01020408163265306, 0.0]
['velocity_0.25', 0.19387755102040816, 0.13402061855670103, 0.1595744680851064, 0.11956521739130435, 0.23157894736842105, 0.14736842105263157, 0.16494845360824742, 0.1875, 0.15151515151515152, 0.1978021978021978, 0.12121212121212122, 0.17525773195876287]
['velocity_0.5', 0.47368421052631576, 0.31958762886597936, 0.17391304347826086, 0.44329896907216493, 0.5263157894736842, 0.22448979591836735, 0.3763440860215054, 0.20618556701030927, 0.09574468085106383, 0.20833333333333334, 0.5217391304347826, 0.3804347826086957]
['velocity_0.75', 0.3958333333333333, 0.6276595744680851, 0.5263157894736842, 0.34375, 0.5204081632653061, 0.5416666666666666, 0.5638297872340425, 0.4845360824742268, 0.3877551020408163, 0.6122448979591837, 0.41836734693877553, 0.648936170212766]
['velocity_0.25_w', 0.19387755102040816, 0.20618556701030927, 0.2268041237113402, 0.21052631578947367, 0.16842105263157894, 0.17894736842105263, 0.28125, 0.14893617021276595, 0.24, 0.11827956989247312, 0.1935483870967742, 0.24468085106382978]
['velocity_0.5_w', 0.25, 0.40860215053763443, 0.30927835051546393, 0.12631578947368421, 0.16842105263157894, 0.2653061224489796, 0.49473684210526314, 0.14583333333333334, 0.2604166666666667, 0.422680412371134, 0.4673913043478261, 0.3469387755102041]
['velocity_0.75_w', 0.4845360824742268, 0.6326530612244898, 0.35353535353535354, 0.46464646464646464, 0.4891304347826087, 0.40816326530612246, 0.4742268041237113, 0.21649484536082475, 0.5789473684210527, 0.5, 0.5612244897959183, 0.5157894736842106]
['velocity_0.25_w_iP(25%)', 0.021052631578947368, 0.08421052631578947, 0.030927835051546393, 0.07291666666666667, 0.010416666666666666, 0.031578947368421054, 0.041237113402061855, 0.02127659574468085, 0.0, 0.061855670103092786, 0.030927835051546393, 0.06451612903225806]
['velocity_0.25_w_iP(50%)', 0.09183673469387756, 0.06315789473684211, 0.1875, 0.06521739130434782, 0.19148936170212766, 0.1958762886597938, 0.0851063829787234, 0.11702127659574468, 0.12631578947368421, 0.1875, 0.0625, 0.0425531914893617]
['velocity_0.25_w_iP(75%)', 0.25263157894736843, 0.15463917525773196, 0.1595744680851064, 0.16494845360824742, 0.09278350515463918, 0.23711340206185566, 0.13829787234042554, 0.22340425531914893, 0.15625, 0.20408163265306123, 0.17708333333333334, 0.16161616161616163]
['velocity_0.5_w_iP(25%)', 0.05154639175257732, 0.10204081632653061, 0.010309278350515464, 0.030927835051546393, 0.06382978723404255, 0.031914893617021274, 0.010416666666666666, 0.0, 0.042105263157894736, 0.010309278350515464, 0.07216494845360824, 0.043010752688172046]
['velocity_0.5_w_iP(50%)', 0.1875, 0.23404255319148937, 0.2978723404255319, 0.3404255319148936, 0.06315789473684211, 0.24742268041237114, 0.07692307692307693, 0.061224489795918366, 0.24489795918367346, 0.1134020618556701, 0.10416666666666667, 0.17346938775510204]
['velocity_0.5_w_iP(75%)', 0.19, 0.2, 0.20618556701030927, 0.27835051546391754, 0.1827956989247312, 0.3191489361702128, 0.2222222222222222, 0.21052631578947367, 0.25263157894736843, 0.18947368421052632, 0.18085106382978725, 0.24210526315789474]
['velocity_0.75_w_iP(25%)', 0.10204081632653061, 0.01020408163265306, 0.09473684210526316, 0.09375, 0.07446808510638298, 0.10309278350515463, 0.05154639175257732, 0.08247422680412371, 0.043010752688172046, 0.010309278350515464, 0.10416666666666667, 0.0]
['velocity_0.75_w_iP(50%)', 0.2727272727272727, 0.09782608695652174, 0.16666666666666666, 0.23469387755102042, 0.17894736842105263, 0.22916666666666666, 0.10638297872340426, 0.07368421052631578, 0.22916666666666666, 0.21875, 0.17708333333333334, 0.21212121212121213]
['velocity_0.75_w_iP(75%)', 0.30927835051546393, 0.3125, 0.6170212765957447, 0.40625, 0.25, 0.3655913978494624, 0.3191489361702128, 0.15625, 0.2736842105263158, 0.3163265306122449, 0.3829787234042553, 0.22105263157894736]
['velocity_0.25_iP(25%)', 0.03125, 0.03225806451612903, 0.010416666666666666, 0.042105263157894736, 0.020833333333333332, 0.010416666666666666, 0.01098901098901099, 0.0, 0.05434782608695652, 0.021739130434782608, 0.05154639175257732, 0.041666666666666664]
['velocity_0.25_iP(50%)', 0.21052631578947367, 0.16326530612244897, 0.0425531914893617, 0.03225806451612903, 0.1827956989247312, 0.21649484536082475, 0.19148936170212766, 0.06521739130434782, 0.020833333333333332, 0.18085106382978725, 0.06382978723404255, 0.03125]
['velocity_0.25_iP(75%)', 0.15217391304347827, 0.1875, 0.13541666666666666, 0.10416666666666667, 0.19387755102040816, 0.17391304347826086, 0.15463917525773196, 0.14432989690721648, 0.20212765957446807, 0.12631578947368421, 0.21428571428571427, 0.0989010989010989]
['velocity_0.5_iP(25%)', 0.020833333333333332, 0.0, 0.07608695652173914, 0.0, 0.061855670103092786, 0.030927835051546393, 0.0, 0.02040816326530612, 0.06315789473684211, 0.07526881720430108, 0.042105263157894736, 0.03260869565217391]
['velocity_0.5_iP(50%)', 0.2631578947368421, 0.0625, 0.1368421052631579, 0.23655913978494625, 0.11827956989247312, 0.1134020618556701, 0.18556701030927836, 0.06593406593406594, 0.24175824175824176, 0.1595744680851064, 0.2604166666666667, 0.16494845360824742]
['velocity_0.5_iP(75%)', 0.26595744680851063, 0.34375, 0.3229166666666667, 0.3333333333333333, 0.27835051546391754, 0.3020833333333333, 0.1958762886597938, 0.25510204081632654, 0.21978021978021978, 0.3020833333333333, 0.2604166666666667, 0.1836734693877551]
['velocity_0.75_iP(25%)', 0.010526315789473684, 0.010416666666666666, 0.0, 0.010416666666666666, 0.043010752688172046, 0.0, 0.010416666666666666, 0.07526881720430108, 0.11827956989247312, 0.07216494845360824, 0.0625, 0.07142857142857142]
['velocity_0.75_iP(50%)', 0.2755102040816326, 0.08421052631578947, 0.24489795918367346, 0.2708333333333333, 0.24742268041237114, 0.021052631578947368, 0.40625, 0.1276595744680851, 0.14736842105263157, 0.24210526315789474, 0.22580645161290322, 0.29473684210526313]
['velocity_0.75_iP(75%)', 0.4105263157894737, 0.25510204081632654, 0.25773195876288657, 0.2857142857142857, 0.2653061224489796, 0.42424242424242425, 0.22916666666666666, 0.18947368421052632, 0.36082474226804123, 0.4375, 0.4387755102040816, 0.2553191489361702]
