['SQL\\_baseline', 0.0, 0.0, 0.0, 0.0, 0.0, 0.0, 0.0, 0.0, 0.0, 0.0, 0.0, 0.0, 0.0, 0.0, 0.0, 0.0, 0.0, 0.0, 0.0, 0.0, 0.0, 0.0, 0.0, 0.0, 0.0]
['SQL\\_25', 0.77272135459833213, 0.43837896487982647, 0.29038485331272718, -0.041226406719267271, 0.4148626943957846, 0.24500761152932815, 0.012144892454299264, -0.67898474765964856, -0.037927158597538861, -0.3220226399453201, -0.062095821566062942, -0.016309745396857252, -0.58236651500758929, 0.075456933270574345, 0.017612137116278837, 0.17819653663786911, 0.083991949705675931, -0.087437573214032047, -0.46210924615588417, 0.063030961045256753, 0.70997221259811838, -0.069613115673272608, -0.0055570824061309879, -0.21951385456267719, -0.1856283180241623]
['SQL\\_50', 1.0608319379565536, -0.012811294620164863, 0.34358091813728753, -0.31272526671412687, 0.23105344212313594, 0.8002454169405212, 0.42205713898818009, 0.19799672403631366, 0.39751392999406326, 0.23750956195119796, 0.97725953666127097, -0.23515494391725583, -0.18919493129264231, 0.044935917660979999, 0.13919283691386661, 1.2040616278084919, -0.067998071939316271, 0.10200501441215905, -0.69273375808432758, -0.22150235166224147, 0.57029258373655478, -0.4463913042018619, 0.44957405425405544, 0.1147109616875587, 0.4824934901431866]
['SQL\\_75', 3.2005984836877048, 1.2063943564218509, -0.81460311835591226, 1.0854740217493575, 0.41477264178039197, 2.5028114549158578, -0.059612205541247583, -0.76315705018448621, 0.72745663754201717, 0.15374339787401259, 2.2299766273839952, 1.3182512357372698, 0.94837246318441926, -0.97187880653071013, -0.025540274521914267, 2.2186361836393251, 0.47689826102943933, 0.044358543521058509, 1.0461132475530495, 0.10768723519331745, 3.3165847765158292, 1.318369599361416, 0.072061310574229293, 0.53126242778586696, 0.24053960475233821]
['SQL\\_25\\_w', 0.58699274761073106, 0.31186305465975123, -0.049945517318873062, -0.30873439230564692, 0.16447472649887121, 0.31375890603090367, -0.068023323708502587, -0.17815030702052465, -0.22292927953299452, 0.16263313793632922, 0.1514814972147647, 0.20631440262557668, 0.061624745416816826, -0.061180581000042297, 0.18197879545514817, 0.32535522441729403, 0.066897291501941375, -0.25524404715900362, -0.13056525392783863, -0.08721206414240483, 0.20657833640624687, -0.031780641496195472, 0.1137243145012741, 0.063872585422732941, 0.14379962075299246]
['SQL\\_50\\_w', 0.89012465528504858, 0.60453347824633497, -0.99566576942286467, -0.052494275973167873, 0.12786869295517805, 0.87741192763174358, -0.19578423500696399, 0.32881100743755964, -0.084849057667489181, -0.092855046139585659, 1.0092066123792649, -0.6098227909024545, -0.22154287153295585, 0.050127238229727637, 0.33204600473479684, 0.74399889418542453, 0.0013879293440229191, 0.69500081253842116, -0.098046189660720942, 0.14917597206134398, 0.68117161140285487, -0.089903119859644609, 0.057146147222742534, 0.011460113761358796, -0.03872865084610766]
['SQL\\_75\\_w', 0.92291241026833803, 0.78211058482819773, 0.29853734847635288, 1.0479097645867665, 0.070940485667953121, 1.8150587517647785, 0.67852004960369672, -0.33326038157466104, 1.6748207640655512, 0.069854241495301256, 2.7555978705702597, -0.44307490847451536, -0.77799290662326215, -0.026185686377570769, 0.051322584652229858, 0.46146164116991434, 0.4118222304284318, -0.25569288718376937, 0.6712305906842877, 0.097122921019812236, 1.5328490679192013, 0.011652242096609922, -0.0048442254862418712, 0.39170809861176653, 0.067503961234641141]
['SQL\\_25\\_w\\_iP(25)', 0.6782908672792729, 0.16842169482970229, -0.25930224597830587, 0.079077208244996977, 0.05877838514965103, 0.64558306041881541, 0.019074610502504058, -0.065751865035496765, -0.19301699960576077, -0.16813328350883525, 0.31480000936201807, -0.091676169613581118, 0.20845836294432779, 0.094291329823740153, -0.20645681022393544, 0.23462596777082567, -0.050567972839656979, -0.23739271451542229, 0.12452959012253263, -0.019795358968081989, 0.17904328745377027, 0.26999573552991518, 0.086499142944360105, -0.21065126784748561, -0.16954910160119419]
['SQL\\_50\\_w\\_iP(25)', 1.3871573847043923, -0.33290058921736859, -0.64787775531040359, -0.24386256430114245, 0.17381304454554372, 0.750726987064818, 0.41019799898801607, -0.15920096174213583, 0.10699458819150948, -0.018082188509199182, 0.97431681051298746, 0.4403263121993965, -0.45626005334495567, 0.45053500767114935, 0.22299744335447072, 1.737611422593309, -0.68253106608029657, -0.64662953329909001, 0.49142783221955205, -0.036262101298330095, 0.96891787437649246, -0.12647243580541256, -0.40154614913932146, -0.12639819071174344, 0.3226916262205175]
['SQL\\_75\\_w\\_iP(25)', 2.1976501800440258, 1.4113857742911986, 0.71385129214134868, 0.36655430427247382, 0.21607567626700758, 1.4584018879007179, 2.0547775468642278, -0.74030896933181489, -1.6222848272385662, 0.30244493206436007, 3.0536730613863798, -0.28828858527750778, 0.39661349734579932, 0.15906126441846202, 0.25587675451929603, 2.0572148805702652, 1.8815097724684304, 0.85011294860414954, 1.6900163011986062, 0.43293994239539807, 1.470067758341189, 0.88947677295249028, 0.37596096466679924, 0.54417674702967922, 0.41753537121550077]
