['X264\\_baseline', 0.0, 0.0, 0.0, 0.0, 0.0, 0.0, 0.0, 0.0, 0.0, 0.0, 0.0, 0.0, 0.0, 0.0, 0.0, 0.0, 0.0, 0.0, 0.0, 0.0, 0.0, 0.0, 0.0, 0.0, 0.0]
['X264\\_25', 5.7258142308623396, 11.043597708661686, 7.6355164722908739, 3.5946060476553829, 8.6980870056314057, 14.630638159494199, 7.4109811663626175, 0.27833468456958543, 1.7588935708456586, 5.4112233497799904, 16.825372630219682, 2.8325116852992962, 3.5675851761834689, 1.8478592419105688, 4.0360706298616256, 4.1091973734241725, 4.70510582340565, 4.316621352735603, 5.0878494609665736, 1.6669422021104188, 9.8574277060370239, 6.2599314037000608, 7.7847287944742565, 6.4843974827018336, 1.9651633733707221]
['X264\\_50', 28.704069465550639, 12.045441527457431, 3.4557656676602626, 14.893629091530819, 15.965768374645124, 32.666010820350373, 5.6302382099543884, 4.4023236118758131, 7.5186902811221392, 5.2484345223049953, 26.697442719563483, 4.6972640326609616, 8.9737748534886705, 4.8006833614128919, -0.081684146132017382, 26.408039155059665, 8.7540245106962935, 6.9202259714636094, 5.5486489811901567, 6.5009726993796813, 25.671498028059265, 10.094284005864333, 6.0125173838898816, 4.1601872192943929, -1.6341072306764552]
['X264\\_75', 18.791675227988385, 18.476802054374467, 14.513349074061832, 0.0, 0.0, 25.480238749936873, 11.492602504101191, 38.750785419071498, -1.3331049331550746, -6.54800200110195, 38.589677073886577, 23.093026251393649, 24.775599575282921, 4.9098851271315622, 0.42593797097796243, 27.461324169606232, 14.660762263491218, 15.153411061205009, 12.332537744135358, 4.1965627431290482, 41.915863567209179, 18.334922762861066, 7.7072256463572906, 3.9469998717228845, 0.0]
['X264\\_25\\_w', 8.7754296494943809, 10.962765227427505, 2.4198397484146077, 5.0465337555146901, 5.5035234242232223, 7.4691364492743046, 3.0133584903825916, 4.3652230310616353, 6.8502729123787072, 5.4698478436942768, 11.440251664090077, 20.204686895282595, 2.8390146003644365, 3.505866306677194, 8.9483147250694461, 5.5364252980553994, 7.8543773084362964, 2.4253745952041053, 0.39813703826139374, 0.21368594946213626, 9.9801842322176118, 2.8204543512803872, 2.5781206440158719, 6.9470314188840998, 8.5864303496415815]
['X264\\_50\\_w', 13.627319741861992, 5.839681336328594, 6.2924122664364299, 2.5204047118557895, 6.2522800119384101, 23.630278576100029, 9.1017570662510749, 8.2146872810811065, 1.1347044067124248, 6.971961927523652, 9.337204349071591, 35.181089753588331, 8.7076629524853555, 15.085390517288545, 10.382335906898147, 17.768567224379716, 2.4388693374582058, 11.057445883327583, 16.132120659840027, 6.8958112431444496, 24.874858613140283, 15.891644581557022, 4.6663778335632502, 10.001511410179798, 2.4100299073659803]
['X264\\_75\\_w', 34.958761129981106, 17.520303872254999, 4.4304438695134394, 5.0225508247481656, 0.043763627269896903, 21.111416451759439, 22.251376163126157, 8.1462324172206149, -3.1929710211398952, -1.2350908194709487, 24.836874640438385, 16.442256670050572, 13.064184643907584, 4.3248862506088006, 2.999368642379868, 15.873363492756583, 35.214723222493951, 14.094700115013708, 3.0348434534623592, -10.448649359723161, 20.149810814396812, 18.382658114683647, 14.13545539896454, 6.5995728640315434, 0.32070736403505945]
['X264\\_25\\_w\\_iP(25)', 8.7014016019045268, 7.9125408888781816, 1.8670318075127788, 0.16904336360078506, 5.4707316474690399, 16.175749188716896, 4.7888644554625426, 5.3725323267273648, 1.8419522388236391, 9.5944058079207952, 16.015050258280699, -3.9971076753130679, 2.8227407327446516, 5.2345330648871311, 0.82659264024438861, 19.60998542126196, 4.7580122218844876, 5.4141763375664764, 8.2669371669642437, 0.27551192936532748, 16.754803197550494, 2.6742004124547996, 1.3690038807484641, 1.8627874721068134, 7.6801408753199443]
['X264\\_50\\_w\\_iP(25)', 31.620492516451311, 21.668444892381739, 7.9049502174375235, 2.2253481776289141, 6.5873310883102549, 21.852209448916803, 15.363822040889572, 12.912014253093128, 5.7786420306385509, 3.4903646387937384, 18.770895445457889, 17.790920285626051, 10.365654175874884, 8.019988244215865, 12.224210340473649, 27.033581690570607, 3.5153929670346966, 11.875628342329939, 10.080522015657209, 2.8457238852094635, 25.487659042607067, 11.771158647648736, 7.4507415923177973, 11.28975995003549, 1.7374183835862664]
['X264\\_75\\_w\\_iP(25)', 39.009683359325351, 24.652665992931972, 15.021513849609898, 8.6567436794109565, 0.80012028167151594, 38.606700161729343, 19.484979857431473, 13.401239771375145, 0.0, 0.0, 23.096970688030375, 16.506346234901315, 22.799462908776519, -1.8454665232352971, 0.0, 35.366867307039868, 15.880886929180312, 9.1048147292713164, 23.420457432765104, 11.113158686808905, 38.321241999544291, 25.470453836297406, 18.314682123774229, 6.1396163031984612, 0.0]
