['ant_Base', 0.027777777777777776, 0.08, 0.07462686567164178, 0.06493506493506493, 0.0945945945945946, 0.027777777777777776, 0.1375, 0.0, 0.125, 0.08108108108108109, 0.15476190476190477, 0.05405405405405406]
['ant_0.25', 0.3150684931506849, 0.2911392405063291, 0.20833333333333334, 0.35, 0.3150684931506849, 0.15492957746478872, 0.2112676056338028, 0.3287671232876712, 0.4358974358974359, 0.25757575757575757, 0.24324324324324326, 0.25]
['ant_0.5', 0.5540540540540541, 0.352112676056338, 0.3611111111111111, 0.410958904109589, 0.3157894736842105, 0.5063291139240507, 0.6829268292682927, 0.4520547945205479, 0.3972602739726027, 0.3918918918918919, 0.4246575342465753, 0.273972602739726]
['ant_0.75', 0.5970149253731343, 0.47560975609756095, 0.7625, 0.5694444444444444, 0.7894736842105263, 0.5625, 0.4444444444444444, 0.4794520547945205, 0.675, 0.56, 0.7037037037037037, 0.5569620253164557]
['ant_0.25_w', 0.3108108108108108, 0.325, 0.19718309859154928, 0.2564102564102564, 0.16666666666666666, 0.38823529411764707, 0.24691358024691357, 0.25609756097560976, 0.23376623376623376, 0.2465753424657534, 0.32142857142857145, 0.32894736842105265]
['ant_0.5_w', 0.4166666666666667, 0.43037974683544306, 0.5342465753424658, 0.3291139240506329, 0.4473684210526316, 0.3333333333333333, 0.5138888888888888, 0.3815789473684211, 0.2465753424657534, 0.5694444444444444, 0.3333333333333333, 0.6153846153846154]
['ant_0.75_w', 0.3291139240506329, 0.725, 0.32894736842105265, 0.7875, 0.5802469135802469, 0.7027027027027027, 0.7, 0.55, 0.5641025641025641, 0.5679012345679012, 0.6419753086419753, 0.5205479452054794]
['ant_0.25_w_iP(25%)', 0.2, 0.19736842105263158, 0.12162162162162163, 0.09722222222222222, 0.1111111111111111, 0.05555555555555555, 0.06756756756756757, 0.12162162162162163, 0.09722222222222222, 0.06329113924050633, 0.057971014492753624, 0.02531645569620253]
['ant_0.25_w_iP(50%)', 0.125, 0.16666666666666666, 0.21518987341772153, 0.23170731707317074, 0.20270270270270271, 0.13513513513513514, 0.225, 0.21621621621621623, 0.15492957746478872, 0.1411764705882353, 0.2375, 0.09210526315789473]
['ant_0.25_w_iP(75%)', 0.37333333333333335, 0.325, 0.23376623376623376, 0.1625, 0.15714285714285714, 0.1625, 0.3076923076923077, 0.3023255813953488, 0.32098765432098764, 0.3150684931506849, 0.379746835443038, 0.28205128205128205]
['ant_0.5_w_iP(25%)', 0.11392405063291139, 0.1125, 0.14285714285714285, 0.1686746987951807, 0.06944444444444445, 0.10256410256410256, 0.1, 0.16901408450704225, 0.25, 0.1506849315068493, 0.17721518987341772, 0.1744186046511628]
['ant_0.5_w_iP(50%)', 0.1891891891891892, 0.3875, 0.3246753246753247, 0.4430379746835443, 0.3780487804878049, 0.2911392405063291, 0.28, 0.15492957746478872, 0.1794871794871795, 0.4, 0.16666666666666666, 0.5061728395061729]
['ant_0.5_w_iP(75%)', 0.3918918918918919, 0.3333333333333333, 0.43209876543209874, 0.5263157894736842, 0.5131578947368421, 0.7792207792207793, 0.4583333333333333, 0.5774647887323944, 0.35064935064935066, 0.4142857142857143, 0.3611111111111111, 0.33766233766233766]
['ant_0.75_w_iP(25%)', 0.25316455696202533, 0.2972972972972973, 0.13333333333333333, 0.1527777777777778, 0.16666666666666666, 0.28, 0.3116883116883117, 0.22784810126582278, 0.19736842105263158, 0.0875, 0.12658227848101267, 0.21518987341772153]
['ant_0.75_w_iP(50%)', 0.24050632911392406, 0.3055555555555556, 0.189873417721519, 0.3918918918918919, 0.2916666666666667, 0.48148148148148145, 0.6756756756756757, 0.3972602739726027, 0.5256410256410257, 0.43661971830985913, 0.2702702702702703, 0.4875]
['ant_0.75_w_iP(75%)', 0.6052631578947368, 0.6060606060606061, 0.4507042253521127, 0.5526315789473685, 0.48, 0.40789473684210525, 0.4583333333333333, 0.3466666666666667, 0.44871794871794873, 0.6746987951807228, 0.6547619047619048, 0.5625]
['ant_0.25_iP(25%)', 0.07792207792207792, 0.043478260869565216, 0.16455696202531644, 0.12162162162162163, 0.136986301369863, 0.08536585365853659, 0.03076923076923077, 0.08108108108108109, 0.10666666666666667, 0.058823529411764705, 0.1518987341772152, 0.06493506493506493]
['ant_0.25_iP(50%)', 0.17105263157894737, 0.25, 0.3333333333333333, 0.1780821917808219, 0.2777777777777778, 0.14084507042253522, 0.1232876712328767, 0.24096385542168675, 0.07792207792207792, 0.07692307692307693, 0.2191780821917808, 0.1506849315068493]
['ant_0.25_iP(75%)', 0.175, 0.2535211267605634, 0.28378378378378377, 0.37333333333333335, 0.25, 0.17105263157894737, 0.2777777777777778, 0.23529411764705882, 0.2054794520547945, 0.373134328358209, 0.273972602739726, 0.2911392405063291]
['ant_0.5_iP(25%)', 0.16091954022988506, 0.07042253521126761, 0.09090909090909091, 0.06329113924050633, 0.13043478260869565, 0.10666666666666667, 0.14814814814814814, 0.2028985507246377, 0.08333333333333333, 0.13513513513513514, 0.0821917808219178, 0.15853658536585366]
['ant_0.5_iP(50%)', 0.38271604938271603, 0.5802469135802469, 0.5142857142857142, 0.25316455696202533, 0.40540540540540543, 0.25, 0.2564102564102564, 0.30303030303030304, 0.24, 0.2077922077922078, 0.225, 0.30864197530864196]
['ant_0.5_iP(75%)', 0.4050632911392405, 0.589041095890411, 0.4057971014492754, 0.3291139240506329, 0.4430379746835443, 0.41975308641975306, 0.4819277108433735, 0.43373493975903615, 0.40963855421686746, 0.4675324675324675, 0.34177215189873417, 0.4788732394366197]
['ant_0.75_iP(25%)', 0.24675324675324675, 0.2463768115942029, 0.32098765432098764, 0.14864864864864866, 0.2911392405063291, 0.24324324324324326, 0.1095890410958904, 0.09859154929577464, 0.2875, 0.1111111111111111, 0.10144927536231885, 0.25]
['ant_0.75_iP(50%)', 0.4827586206896552, 0.4074074074074074, 0.2564102564102564, 0.72, 0.4268292682926829, 0.3698630136986301, 0.23943661971830985, 0.3950617283950617, 0.29333333333333333, 0.40540540540540543, 0.5352112676056338, 0.25]
['ant_0.75_iP(75%)', 0.7733333333333333, 0.5925925925925926, 0.7051282051282052, 0.5342465753424658, 0.5058823529411764, 0.6, 0.5975609756097561, 0.41025641025641024, 0.3972602739726027, 0.6891891891891891, 0.620253164556962, 0.5625]
