['ivy_Base', 0.375, 0.07692307692307693, 0.3561643835616438, 0.1875, 0.014925373134328358, 0.27692307692307694, 0.20967741935483872, 0.11538461538461539, 0.2647058823529412, 0.323943661971831, 0.13725490196078433, 0.045454545454545456]
['ivy_0.25', 0.17307692307692307, 0.42105263157894735, 0.234375, 0.2898550724637681, 0.3783783783783784, 0.21311475409836064, 0.16923076923076924, 0.26666666666666666, 0.4520547945205479, 0.3076923076923077, 0.23809523809523808, 0.33766233766233766]
['ivy_0.5', 0.30303030303030304, 0.35443037974683544, 0.4647887323943662, 0.4461538461538462, 0.29577464788732394, 0.3582089552238806, 0.29310344827586204, 0.2542372881355932, 0.4, 0.47540983606557374, 0.40625, 0.24242424242424243]
['ivy_0.75', 0.5068493150684932, 0.5147058823529411, 0.5, 0.5555555555555556, 0.32786885245901637, 0.5483870967741935, 0.4931506849315068, 0.39705882352941174, 0.44155844155844154, 0.47058823529411764, 0.4426229508196721, 0.38095238095238093]
['ivy_0.25_w', 0.3114754098360656, 0.27692307692307694, 0.26153846153846155, 0.22033898305084745, 0.31746031746031744, 0.2153846153846154, 0.345679012345679, 0.14814814814814814, 0.4411764705882353, 0.1346153846153846, 0.21311475409836064, 0.1568627450980392]
['ivy_0.5_w', 0.41379310344827586, 0.3235294117647059, 0.4117647058823529, 0.463768115942029, 0.391304347826087, 0.43636363636363634, 0.2835820895522388, 0.4838709677419355, 0.22641509433962265, 0.4533333333333333, 0.5652173913043478, 0.3170731707317073]
['ivy_0.75_w', 0.59375, 0.2962962962962963, 0.4090909090909091, 0.5185185185185185, 0.5344827586206896, 0.625, 0.547945205479452, 0.3870967741935484, 0.44776119402985076, 0.5185185185185185, 0.5483870967741935, 0.55]
['ivy_0.25_w_iP(25%)', 0.15254237288135594, 0.2054794520547945, 0.32894736842105265, 0.25396825396825395, 0.16129032258064516, 0.12727272727272726, 0.11764705882352941, 0.4, 0.12727272727272726, 0.12307692307692308, 0.2835820895522388, 0.06451612903225806]
['ivy_0.25_w_iP(50%)', 0.1111111111111111, 0.208955223880597, 0.1791044776119403, 0.2, 0.2807017543859649, 0.1724137931034483, 0.2631578947368421, 0.41333333333333333, 0.24528301886792453, 0.22413793103448276, 0.27941176470588236, 0.3157894736842105]
['ivy_0.25_w_iP(75%)', 0.16981132075471697, 0.20689655172413793, 0.375, 0.225, 0.43209876543209874, 0.4714285714285714, 0.203125, 0.15151515151515152, 0.3220338983050847, 0.3013698630136986, 0.40625, 0.21428571428571427]
['ivy_0.5_w_iP(25%)', 0.17391304347826086, 0.2898550724637681, 0.2535211267605634, 0.17567567567567569, 0.10344827586206896, 0.15254237288135594, 0.21666666666666667, 0.21052631578947367, 0.2676056338028169, 0.07246376811594203, 0.05172413793103448, 0.15789473684210525]
['ivy_0.5_w_iP(50%)', 0.34375, 0.4307692307692308, 0.35384615384615387, 0.23809523809523808, 0.32894736842105265, 0.08, 0.16666666666666666, 0.3684210526315789, 0.11320754716981132, 0.22413793103448276, 0.288135593220339, 0.3875]
['ivy_0.5_w_iP(75%)', 0.288135593220339, 0.4264705882352941, 0.43333333333333335, 0.2777777777777778, 0.28125, 0.36, 0.43478260869565216, 0.34782608695652173, 0.4745762711864407, 0.3888888888888889, 0.373134328358209, 0.3283582089552239]
['ivy_0.75_w_iP(25%)', 0.14285714285714285, 0.12, 0.25, 0.2191780821917808, 0.38961038961038963, 0.10526315789473684, 0.125, 0.2345679012345679, 0.09433962264150944, 0.28169014084507044, 0.28125, 0.21052631578947367]
['ivy_0.75_w_iP(50%)', 0.2857142857142857, 0.3, 0.31666666666666665, 0.36764705882352944, 0.6323529411764706, 0.375, 0.41333333333333333, 0.5294117647058824, 0.48148148148148145, 0.3508771929824561, 0.2, 0.32098765432098764]
['ivy_0.75_w_iP(75%)', 0.4727272727272727, 0.41935483870967744, 0.44871794871794873, 0.4307692307692308, 0.5254237288135594, 0.44642857142857145, 0.373134328358209, 0.4788732394366197, 0.5964912280701754, 0.5636363636363636, 0.5217391304347826, 0.48148148148148145]
['ivy_0.25_iP(25%)', 0.08928571428571429, 0.25925925925925924, 0.2753623188405797, 0.26506024096385544, 0.10294117647058823, 0.32857142857142857, 0.27941176470588236, 0.21052631578947367, 0.3283582089552239, 0.14285714285714285, 0.14035087719298245, 0.4155844155844156]
['ivy_0.25_iP(50%)', 0.275, 0.3220338983050847, 0.2463768115942029, 0.21311475409836064, 0.2, 0.4235294117647059, 0.19642857142857142, 0.35064935064935066, 0.23333333333333334, 0.42105263157894735, 0.14285714285714285, 0.25316455696202533]
['ivy_0.25_iP(75%)', 0.265625, 0.21428571428571427, 0.2542372881355932, 0.16071428571428573, 0.44285714285714284, 0.1724137931034483, 0.2786885245901639, 0.14814814814814814, 0.3968253968253968, 0.35384615384615387, 0.4342105263157895, 0.23333333333333334]
['ivy_0.5_iP(25%)', 0.07407407407407407, 0.04838709677419355, 0.30666666666666664, 0.34782608695652173, 0.14545454545454545, 0.11475409836065574, 0.08823529411764706, 0.36619718309859156, 0.09259259259259259, 0.2033898305084746, 0.2676056338028169, 0.13559322033898305]
['ivy_0.5_iP(50%)', 0.18309859154929578, 0.30864197530864196, 0.5, 0.27848101265822783, 0.3181818181818182, 0.24074074074074073, 0.14492753623188406, 0.23529411764705882, 0.4927536231884058, 0.3076923076923077, 0.5616438356164384, 0.24561403508771928]
['ivy_0.5_iP(75%)', 0.3974358974358974, 0.25, 0.43283582089552236, 0.35185185185185186, 0.39285714285714285, 0.42857142857142855, 0.38333333333333336, 0.5797101449275363, 0.2857142857142857, 0.29411764705882354, 0.582089552238806, 0.36764705882352944]
['ivy_0.75_iP(25%)', 0.15789473684210525, 0.12962962962962962, 0.09615384615384616, 0.07692307692307693, 0.3287671232876712, 0.09090909090909091, 0.18333333333333332, 0.26153846153846155, 0.2413793103448276, 0.29850746268656714, 0.35294117647058826, 0.14285714285714285]
['ivy_0.75_iP(50%)', 0.37681159420289856, 0.35294117647058826, 0.21428571428571427, 0.1509433962264151, 0.46551724137931033, 0.2875, 0.4339622641509434, 0.4696969696969697, 0.35802469135802467, 0.3333333333333333, 0.38571428571428573, 0.6417910447761194]
['ivy_0.75_iP(75%)', 0.4393939393939394, 0.43548387096774194, 0.42592592592592593, 0.39215686274509803, 0.4716981132075472, 0.42028985507246375, 0.5844155844155844, 0.22413793103448276, 0.35714285714285715, 0.39285714285714285, 0.39622641509433965, 0.39705882352941174]
