['pbeans_Base', 1.0, 0.0, 0.0, 0.6, 0.6, 0.5, 0.6, 0.6666666666666666, 0.6666666666666666, 0.8, 0.6, 0.0]
['pbeans_0.25', 0.875, 0.2, 1.0, 0.2, 0.2, 0.8333333333333334, 1.0, 0.5, 0.8, 0.5, 0.0, 0.6666666666666666]
['pbeans_0.5', 0.8, 0.6666666666666666, 0.2, 1.0, 0.0, 0.6666666666666666, 0.5, 0.5, 0.0, 0.0, 1.0, 0.75]
['pbeans_0.75', 0.8, 0.8, 0.6, 0.5, 0.5, 1.0, 0.9166666666666666, 1.0, 1.0, 0.5, 1.0, 0.8]
['pbeans_0.25_w', 0.6, 0.5, 1.0, 0.0, 0.375, 0.0, 0.6, 0.5, 1.0, 0.8333333333333334, 0.0, 1.0]
['pbeans_0.5_w', 0.6, 0.6666666666666666, 1.0, 0.8, 0.3333333333333333, 0.0, 0.8333333333333334, 0.6, 1.0, 0.8, 0.6, 1.0]
['pbeans_0.75_w', 0.8, 1.0, 0.6, 0.9166666666666666, 0.6, 1.0, 0.8333333333333334, 1.0, 0.6666666666666666, 0.8, 1.0, 1.0]
['pbeans_0.25_w_iP(25%)', 0.75, 0.0, 0.6, 0.6, 0.3333333333333333, 0.0, 0.5, 0.0, 0.8, 1.0, 0.6, 0.0]
['pbeans_0.25_w_iP(50%)', 0.3333333333333333, 0.2, 0.0, 0.8, 0.6, 0.8, 0.2, 0.5, 0.3333333333333333, 0.0, 0.6, 0.0]
['pbeans_0.25_w_iP(75%)', 0.0, 0.5, 0.5, 0.5, 0.0, 0.6, 0.4, 0.5, 0.8, 0.3333333333333333, 0.0, 0.0]
['pbeans_0.5_w_iP(25%)', 0.8, 1.0, 0.0, 0.6, 1.0, 1.0, 0.875, 0.0, 0.0, 0.8, 1.0, 1.0]
['pbeans_0.5_w_iP(50%)', 0.0, 0.6, 1.0, 0.75, 0.6666666666666666, 0.8, 0.0, 0.0, 0.0, 0.6666666666666666, 0.8, 0.8]
['pbeans_0.5_w_iP(75%)', 0.8, 1.0, 1.0, 0.0, 0.8333333333333334, 0.8, 0.0, 1.0, 0.2, 1.0, 0.0, 0.75]
['pbeans_0.75_w_iP(25%)', 0.0, 0.5, 0.6, 0.6666666666666666, 0.3333333333333333, 0.0, 0.0, 0.6666666666666666, 0.8, 0.6, 1.0, 0.8]
['pbeans_0.75_w_iP(50%)', 0.8, 0.75, 0.0, 1.0, 0.6666666666666666, 0.0, 0.6666666666666666, 1.0, 0.6, 0.8333333333333334, 1.0, 0.5]
['pbeans_0.75_w_iP(75%)', 0.6666666666666666, 0.0, 0.0, 0.875, 1.0, 0.6, 0.5, 0.75, 0.6, 0.6, 0.0, 0.6666666666666666]
['pbeans_0.25_iP(25%)', 0.0, 0.0, 0.6, 0.0, 0.0, 0.0, 0.3333333333333333, 0.5, 0.8, 0.0, 0.75, 0.0]
['pbeans_0.25_iP(50%)', 1.0, 0.0, 0.6666666666666666, 0.8, 0.4, 0.6, 0.0, 0.8, 0.0, 0.8, 0.0, 0.6]
['pbeans_0.25_iP(75%)', 0.6666666666666666, 0.0, 1.0, 1.0, 0.0, 0.8, 0.0, 0.0, 0.8, 1.0, 0.0, 0.6]
['pbeans_0.5_iP(25%)', 0.8, 0.5, 0.8, 0.5, 0.8, 0.0, 0.2, 0.0, 0.9166666666666666, 0.0, 0.0, 0.6]
['pbeans_0.5_iP(50%)', 0.4, 1.0, 1.0, 0.75, 0.3333333333333333, 0.0, 0.8, 0.75, 0.8, 0.5, 0.0, 0.0]
['pbeans_0.5_iP(75%)', 0.6, 0.8333333333333334, 1.0, 1.0, 0.8, 0.75, 0.8, 0.0, 0.6666666666666666, 0.0, 0.8, 0.6]
['pbeans_0.75_iP(25%)', 0.0, 0.8, 0.8, 1.0, 0.8, 0.8, 0.8, 0.6, 0.75, 0.5, 0.0, 0.0]
['pbeans_0.75_iP(50%)', 0.5, 0.0, 0.5, 0.8, 0.5, 0.0, 0.0, 1.0, 0.5, 0.75, 1.0, 0.0]
['pbeans_0.75_iP(75%)', 1.0, 1.0, 0.6666666666666666, 0.8, 1.0, 0.8, 0.3333333333333333, 1.0, 0.875, 0.8, 0.5, 0.5]
