['BDBC\\_baseline', 0.0, 0.0, 0.0, 0.0, 0.0, 0.0, 0.0, 0.0, 0.0, 0.0, 0.0, 0.0, 0.0, 0.0, 0.0, 0.0, 0.0, 0.0, 0.0, 0.0, 0.0, 0.0, 0.0, 0.0, 0.0]
['BDBC\\_25', 57.01784921613757, 9.70693463870324, 41.703754497659006, 14.982823624875584, 21.617352281227056, 40.489438701191034, 36.473474976520926, 11.519210272156792, 4.895676765615625, 17.318465025583215, 54.946497435383463, 19.62110597090404, 28.922697958163646, 8.2526858146042397, 29.776899855303238, 54.867090736481451, 13.928131706952, 14.752225545566679, 18.593601282017449, 11.164977173051971, 56.156465967394347, 10.180557069509721, 34.289729700645175, 18.131677095470199, 5.7425676717599163]
['BDBC\\_50', 74.506406680801319, 19.896955968884534, 36.74975184550167, 13.115221519592476, 1.3724222103897501, 74.234046065988011, 28.352198701438056, 18.97432666181831, 10.618599755341826, 11.421191865719184, 72.306490268050496, 8.1718293170232279, 25.594304661597221, 26.742000392421552, 29.607396698582537, 72.540402662190672, -2.7604257379786508, 22.118329464551611, 11.840631984055781, 21.863533504464023, 72.502683598990743, 27.370467920219117, 22.210723238193935, 26.261005494326398, 10.429148564304569]
['BDBC\\_75', 76.019570821957387, 13.673151673402376, -33.268662760093648, -38.462513885343022, 0.0, 77.690560947506, 27.857961834749275, 38.257729105854807, 17.794635082992709, 22.839174093627399, 75.478102377809307, -1.4229056926587977, -14.47854206325988, 0.0, 0.0, 76.121187302589504, 7.4359088763441159, 46.202521670437953, -46.886540250564806, -97.87397279564658, 75.979652986144657, 47.321597877650397, 30.453866421605667, -13.549681603203769, 9.2711838723951647]
['BDBC\\_25\\_w', 57.144945785392856, 34.186961034600337, 3.5042425271604323, 5.1316011890345621, 30.134310567160771, 57.059239311803033, 30.598091091207383, 41.546131494700198, 21.005813084227871, 15.71428242877665, 57.332744409765688, 2.4554669784259127, 11.698780026653914, 0.9022527821469537, 17.483015724939094, 55.806071526768804, 11.005862740889246, 3.8511582944409137, 35.642926052312212, 12.390526631705631, 55.556136749180467, 14.930624629570248, 42.67878913786663, 24.615695395086181, 24.240957250267844]
['BDBC\\_50\\_w', 70.958539027012051, 46.259654985771519, 42.163040847495218, 25.693158276702349, 15.921227808461714, 69.764028194631535, 25.541161376422927, 21.533359700247267, 18.684947933774854, 17.448498573206837, 72.622078043079739, 33.392546034017698, 26.408898910123725, 4.1354095072467283, 19.579427323654993, 72.882693401027026, 14.736531956864971, 29.981657702622197, 15.94645440144955, 14.212684706170467, 72.33724262660607, 30.197391688274671, 23.735412985982141, 35.880967167286286, 15.1916060518652]
['BDBC\\_75\\_w', 75.581641998783752, 20.310244879653521, 28.557964245645525, 4.4946064121507465, -7.0582866757343767, 76.376470006722002, 28.45336827010189, 49.560303772879706, 4.109363044703878, 20.012667788736668, 75.777112130431831, 12.614277572325754, 41.647754319657246, 25.24454058084828, 0.0, 75.090720239678504, 53.489673483936507, 25.391424592741426, 13.067129644218928, -0.84646640797039008, 75.157865997830925, 17.21489581895506, 24.187524482431211, -28.4095924204812, -31.881693835977142]
['BDBC\\_25\\_w\\_iP(25)', 55.748321222496891, -7.4144483210819061, 26.983555303569272, 23.679091131044057, 30.288520407476589, 55.595609911651394, 25.422881884993505, 14.006094389954036, 26.558895145314573, 22.981728025305536, 56.25086952086621, 10.425948570857368, 28.615490789409769, 9.1450277944952134, 14.843453612891995, 56.283851071018383, 8.7037658846912684, 41.82769637819009, 15.1126134598295, 1.6491502246506711, 63.889241892298855, 2.959310625594104, 17.162195120141373, 26.200089310157388, 20.166023194847838]
['BDBC\\_50\\_w\\_iP(25)', 74.094713419210407, 38.223630598587818, 27.707838484843521, 19.034563409196522, 19.238098693859815, 74.397385656630931, 16.807112022844926, 27.515514731892328, 32.602546438370389, 17.259791899554887, 70.653242797040221, 36.540031993717285, 24.113979073702936, 7.550591750872031, 36.524444404375672, 73.110597100520323, 37.488006843765696, 43.096971061800716, 20.630611815424324, 11.024169155018299, 74.049141145490893, 4.113587001646092, 23.622031864491557, 19.113702979576278, 21.311092811122396]
['BDBC\\_75\\_w\\_iP(25)', 76.773636902408526, 30.931682214864221, 34.797161865357445, 6.0093288700598739, 33.469535985636689, 75.840974747765316, 43.376917748194288, 17.003545297838794, -24.936765137788377, 0.0, 75.324094768732692, 8.2072001410706896, 0.18834175178194784, 16.257503635554315, 5.5133644806118642, 76.534620897751452, 44.33479652942863, 6.1303310797769592, -60.004972762666114, 30.39131637428174, 75.710053571728167, -29.265163036206545, 3.6040312046669407, -18.071113093666479, -1.5342781074395662]
