['LLVM\\_baseline', 0.0, 0.0, 0.0, 0.0, 0.0, 0.0, 0.0, 0.0, 0.0, 0.0, 0.0, 0.0, 0.0, 0.0, 0.0, 0.0, 0.0, 0.0, 0.0, 0.0, 0.0, 0.0, 0.0, 0.0, 0.0]
['LLVM\\_25', 2.8554220829261068, 2.9972759142483563, 2.1355594948515337, 1.4893984826878575, 0.91395337310277547, 3.0747889224727145, 3.4082145166185862, 3.3078097184226336, 2.0637068639271301, 2.412113314524432, 4.8513845610358759, 2.8973078405582493, 3.4139125651017181, 2.8324806936810911, 1.8242305296195893, 0.20708685579661634, 2.2693635387848698, 2.2343742775487363, 1.0893828367498024, 1.4770758884049344, 3.2292751926821892, 3.1634781935814114, 2.7393702882008242, 3.0816303829663081, 1.7236991433908613]
['LLVM\\_50', 6.5284351416201325, 6.455079269499854, 3.6109640038846109, 2.3658439799076794, 2.0391441635963221, 8.2424424620722689, 6.3701971823843762, 4.2630563551872234, -0.13480615905186311, 1.1954440917847549, 5.7594170824422557, 5.0710959098547468, 2.0821708501426368, 2.3772672035671913, 0.46660829661151992, 5.9655764319783247, 4.5968250618412743, 4.932290424973691, 0.91308722505512796, 1.6673559082917877, 5.8054581424058593, 5.3326952021888525, 3.0521023653180928, 0.11566923881956247, 0.34985308822095479]
['LLVM\\_75', 8.211901491597926, 6.5926660678655029, 4.303726011579136, 6.1325831008548555, 2.8059702176441541, 7.1617237841957326, 7.9541058044686261, 4.6673821337040122, 0.38641713313036985, 0.0, 11.474530379695798, 6.5701620698503707, 8.1388857535453116, -0.11600463098500294, 0.0, 9.2446948245835543, 4.9055479204320083, 4.4240609478188739, 1.8653740875789961, 0.92534548491440283, 6.5867050541799053, 5.8993853109309153, 2.2962326343263957, 1.9333240343293898, 0.0]
['LLVM\\_25\\_w', 2.5410578058300701, 2.7872928969556994, 2.6607667757495648, 1.5345642505943411, 0.46655471833242995, 2.1318455596644221, 2.8575703675552617, 3.4055705950997868, -0.1902023864172841, 0.76980137940579296, 1.3129915586769616, 1.3136053284717466, 3.5905866677449723, 0.90202862077318857, 2.1133079260136225, 2.5042868592410428, 1.9118612815493221, 2.7087717130726889, 0.73047015140906713, 1.2781895663593286, 3.1990312645621581, 3.4732071639412996, 1.4134771291134713, 1.874800826474128, 0.52873949585578184]
['LLVM\\_50\\_w', 7.2031390470446741, 5.5027444352059209, 3.7629212407231276, 3.6749329845791761, 0.78382172343314083, 5.3332653717350818, 4.6212734964059345, 2.86392195422893, 2.5696176433877618, 1.1121745758078458, 4.6876011200723271, 4.6817923851613097, 4.0220616464788197, 1.5180369115075756, -0.10491881136392422, 3.5775959749176631, 4.7039616832880267, 1.8250883548349013, 1.5660904132322395, 1.4196161966577918, 6.9507269012088173, 4.3831391516614016, 3.4669148240897396, 0.47049796069707378, 0.53754607228363849]
['LLVM\\_75\\_w', 8.0652462450554108, 8.1920437741917471, 1.929419421533102, -1.58844641511046, 0.0, 9.122112365224897, 5.6261979869742476, 4.6798165678466228, 0.91406914742998002, 0.0, 7.3800837273368405, 5.4662800818565325, 3.8920399625908271, 1.0832744251658124, 4.7210664922505581, 6.5411403427805661, 6.1112408062873138, 4.5589426468713814, 0.046468486262987115, 1.0078667073247844, 11.340770366044413, 2.5953836572173365, 3.803493285948603, 0.46519122602305751, 0.0]
['LLVM\\_25\\_w\\_iP(25)', 1.7399662927840287, 2.9014819049949381, 2.4192504523346967, 1.5733154300024346, 0.37191874226250465, 3.3570953270138353, 3.0107174768627605, 2.4612736942185389, 2.9500103193522493, 0.9496529652248441, 3.2192636859975381, 2.1169016969119752, 0.34626250285260013, 2.4078097289377447, 1.9530344405483266, 2.7627489149522213, 2.9598649825799974, 3.9840515287990987, 2.0323011839890883, 0.69698869568452282, 3.6094997529838775, 3.0439879440767652, 1.4861031990696154, 2.9193135440467088, 1.7576959253633999]
['LLVM\\_50\\_w\\_iP(25)', 4.6012653796800738, 2.9728405822985917, 4.1175494129945598, 3.9934408229014808, 7.9995674071527549, 6.9912873867877439, 7.331904426325754, 5.5509625699306167, 4.2525866631012059, 0.48408806313484032, 6.7346262863867192, 2.2611034144366866, 1.9708678275420397, 3.28248003035318, 0.98141107998749511, 7.3119376555078341, 5.6786581941215779, 3.3002124386340257, 2.539486571413903, 1.4866632354086855, 6.0022550352671136, 5.184904325109553, 3.301410004109298, 0.705436535585239, 2.3736421951440358]
['LLVM\\_75\\_w\\_iP(25)', 7.4960093191292261, 6.6928695501924134, 9.0318187985225062, -0.48687616828685354, 1.7278172470370716, 4.7935660366708541, 6.8728766300522404, 2.2859087416479431, 2.2722251058171063, -0.60811858083435077, 7.7370770375888673, 5.0140077304987525, 5.1694343532021261, 2.543134780440397, 0.98423885842934866, 9.6409935991119848, 8.7145561120142645, 2.4750379154791204, 3.0972988125966645, 0.0, 9.5157329407254885, 6.6013394617214676, 5.0929523076864891, 1.6795787766345083, 1.7477212483063858]
