['BDBC\\_baseline', 0.0, 0.0, 0.0, 0.0, 0.0, 0.0, 0.0, 0.0, 0.0, 0.0, 0.0, 0.0, 0.0, 0.0, 0.0, 0.0, 0.0, 0.0, 0.0, 0.0, 0.0, 0.0, 0.0, 0.0, 0.0]
['BDBC\\_25', 32.95188893653548, 21.6961126505702, 17.25260170905778, 18.550785066070326, 15.926565416944984, 35.59919169078289, 13.183211249635644, 13.668515177768144, 22.393687827293082, 13.378520401148128, 26.39719086150547, 17.03075862381403, 24.5389654481368, 17.957882227053393, 9.845818479112879, 33.77732087419098, 20.21673669604105, 18.456548186043605, 22.459396966126935, 19.626299347280113, 38.48720349691918, 21.989615743315355, 13.29756363583444, 21.405477419980855, 19.739821175841538]
['BDBC\\_50', 63.7497785968433, 36.74200724092359, 26.647381938952694, 23.464414541999293, 12.148553410275147, 62.65393890206929, 34.474301255724136, 26.03411093560736, 26.205334835262203, 9.219594713418989, 69.95363865197935, 33.471033984560876, 24.888654111137967, 12.40717873618927, 22.802202769218635, 57.97820092010565, 33.02833240115315, 21.4297032344763, 20.99215621318129, -1.7346091008824283, 63.20390756353412, 39.51895274645215, 23.522519388401793, 23.307010351473615, 7.663088051845083]
['BDBC\\_75', 86.46642354517839, 32.815621412988406, 21.350717795544302, 0.7847400314843059, 18.949325648459677, 82.41386802663627, 45.79035119516429, 34.840015673605684, -16.01197857072326, 21.5070884572972, 76.6806984935592, 44.40780421799084, 52.51085820878077, 7.366697129346674, -16.201552167701024, 79.72573859295318, 39.11010619916535, 47.007754517267564, 22.28358102660155, 1.6042121556896565, 80.04955146372389, 44.93000180736168, 31.824219338404593, 6.419680940915885, 10.32805302241968]
['BDBC\\_25\\_w', 30.944734318732383, 25.102358990508044, 17.145959652940334, 15.202631582974837, 5.447803570638203, 30.326747372469917, 17.241923083084934, 14.616977991403624, 19.595178281962145, 11.9109769142626, 34.59000931018998, 16.281159524984975, 21.60316096317221, 19.121358530736668, 17.327162850864077, 35.53363768584365, 18.030416389239676, 21.029783128760663, 8.779977522564543, 18.34878767531147, 33.4918763948697, 18.51256875392982, 15.271131985599881, 23.443905922510897, 21.310874848828856]
['BDBC\\_50\\_w', 65.2066365377115, 26.80924478321534, 23.17564369430987, 15.397119182079313, 11.510011514991506, 64.8905207867228, 35.54885840392472, 30.008937300720312, 20.34531663612968, 18.135407983951648, 55.89544829463704, 33.06297429192396, 38.717267047448594, 22.8077509740503, 14.64885170072402, 58.57776448854013, 34.689715999833496, 26.21239889971922, 24.201614996381924, 12.09896516621974, 64.84801915130205, 36.91202102570351, 42.780488879327265, 28.95357341175075, 12.84923627633088]
['BDBC\\_75\\_w', 84.48728790790082, 35.1417135096409, 31.676692443591595, 20.879372625569033, -7.163268858644845, 75.18549909956431, 42.53036078964339, 43.362389190328415, 5.945663598316457, 6.040991844920765, 82.34173140735291, 27.408289626985688, 31.831290470490153, 25.133689640331223, 11.479510184229143, 82.89930963565413, 28.523062444605316, 35.620617576941356, 10.408511973457944, -3.1110346575929944, 80.79505179753983, 38.868498024373366, 32.633747880163334, 9.828474710206057, 15.027132950640484]
['BDBC\\_25\\_w\\_iP(25)', 38.756894042377276, 20.02606085536094, 17.751425302630405, 14.180211904326743, 19.570935210857588, 36.92967148714716, 19.53383333002802, 23.07844935161378, 13.052397295134195, 9.38029855869227, 36.36044067217031, 16.771239628603322, 9.986717460391022, 13.019576718930644, 10.890514992655552, 37.16490694320905, 15.935370221853084, 17.191075636093462, 16.739292520809883, 16.26209594967551, 34.69096683572796, 14.970169985170942, 20.19543268320848, 19.100997471469714, 14.618679610405328]
['BDBC\\_50\\_w\\_iP(25)', 56.07257195992711, 30.384312820101666, 30.576018588120487, 21.019086422735022, 12.533576830933285, 64.60143797518367, 30.359885893233876, 25.388843661819223, 19.643457798869882, 14.32507184129822, 61.95353587774753, 28.82586008243869, 24.148715602388, 9.526079698705262, 26.987941955656293, 64.36539531998065, 28.917020919235924, 36.52380690786152, 20.138357794457356, 12.050357280525162, 54.92037124014154, 39.45558046903132, 28.624150569094258, 17.40719270059532, 14.09008609236945]
['BDBC\\_75\\_w\\_iP(25)', 79.77149531884963, 41.27377171233039, 27.203047499428386, -1.5344943963464628, -4.815376797179091, 84.48093798446929, 33.66244344610407, 22.810596915346785, 12.472554265769412, 7.713792481031487, 77.65728975918803, 41.702496759319445, 32.42805363213697, 10.388531214998125, 5.970774014223949, 82.43523151641534, 35.87349510150048, 29.71437657551771, 34.306796112140844, 23.980532492536334, 75.59757906989964, 40.28173449403019, 20.394979898443097, 32.3180992581633, 16.672594158826957]
