['BDBJ\\_baseline', 0.0, 0.0, 0.0, 0.0, 0.0, 0.0, 0.0, 0.0, 0.0, 0.0, 0.0, 0.0, 0.0, 0.0, 0.0, 0.0, 0.0, 0.0, 0.0, 0.0, 0.0, 0.0, 0.0, 0.0, 0.0]
['BDBJ\\_25', 12.19750214205273, 4.942595120430208, 10.945010342914529, 7.6625941958983415, 4.9213602911993695, 13.402860883137343, -9.019746765086799, -2.174027939482218, 6.174829862906647, 1.684059392808916, 15.722178641420102, 7.465273841948607, 10.05140944195789, 15.732144288720512, 11.251122082865463, -3.603746424051891, 7.1081958408694605, 2.650186472704064, 11.560286817528045, 9.051890976534136, 16.4525858497671, 13.057931194146576, -14.323373446245597, 1.3392010576241957, 2.8405008736288373]
['BDBJ\\_50', 26.862021512306374, 2.8941900280345307, -17.987818349497847, 4.993543396452696, 21.106895363365552, 18.235219937650857, 14.361267852545543, 9.146936016976836, 7.569742758286381, 8.390611115380887, 1.6092251942088265, 31.992616929722676, 17.26214904034819, 5.918317717066484, 17.971794915127067, 36.93787059651585, -41.27334172578844, 6.927941497632888, 19.531446121425304, 2.7860298369451035, 10.727147774822496, 21.119196116596335, 8.781976399377447, -12.987662158784726, 5.727924591058598]
['BDBJ\\_75', 29.36342671937723, 18.324196699271468, 11.82601706971394, -1.293945808629118, 0.5279819890658787, 26.679306159288725, 9.237122226650548, 11.306409924254668, 15.291449261415751, 12.600666497834501, 30.428018736851577, 20.742830540911772, -22.399350600290134, -9.325796798546342, 8.658923327112884, 17.21081126592275, 21.473385725904446, 12.74692266458529, -13.986694701340367, 5.783040707896213, 12.592925710182678, 30.58386518727837, 21.142701904595203, -7.952726309464454, 4.96229002306926]
['BDBJ\\_25\\_w', 3.779565571330024, 8.925546641706454, 13.940908257506935, 6.1855195901618805, -1.3650348421734233, 5.2446672374061505, 11.158019065813845, 5.046422414316658, 9.41663194310081, 8.023177507377474, 9.266178247050494, 4.3083339555596485, 14.004840455089523, 0.8345327158459904, 10.427679456573296, 4.001333478840001, 4.491845690532224, 1.1584891449706487, 5.9990706005037975, 9.163200242765985, -1.9234382403699992, 2.7940825851706768, 13.950665543658284, -10.926844554047909, 9.221356725942648]
['BDBJ\\_50\\_w', 14.820975772270458, -7.135764172422325, 17.89943544892113, 12.462254828508703, 12.464881993689094, 16.268241213744655, 15.955299338462746, 1.8645902618469123, 9.68709114441363, -3.200677673321624, 19.989687201613364, 11.210291294165351, 14.878396793587182, -11.353017647184176, 1.783125603478569, 16.373782980083977, 8.409449447091648, 6.937951795715496, 5.245113520636832, -5.198408293009374, 13.087144577641363, 12.472792379056056, -7.540412683485593, -0.6245560169535969, -4.2488765528294605]
['BDBJ\\_75\\_w', 7.909884027396218, 14.71668270790923, -6.395600880932584, 2.902765452905575, 17.05508505432854, -2.0983585631480257, 19.568966245886976, -11.570787835924747, 9.322238152168635, 9.350702576966682, 22.894890557021743, 6.813827322994988, 11.104128576988886, 21.45598020516817, 1.2852077867039233, 17.935188775732193, 12.85168203600822, -5.15371935330124, 6.823526520242345, -20.511627498018008, 25.387422168707587, -3.489153929810773, 17.770118894745828, 2.1714852119288426, -5.6101076250643285]
['BDBJ\\_25\\_w\\_iP(25)', 23.792874284086114, -0.07509811758623344, 1.1368591994123338, 1.52537373409198, 3.7663638873598715, 17.158883770097756, -5.467595615033499, 12.253514323244717, 1.8097811364789007, -3.907546285711721, 20.196756227908214, 7.363468592004574, -5.552267064448261, -1.8253337250400097, 5.660905926864299, 13.528740053733324, 8.785340962562369, 8.03320994089871, 16.229611269063405, 21.216122107557, 18.179999237775824, 11.809445079128508, 8.121397259418607, -2.523046409444441, 0.2664004475694439]
['BDBJ\\_50\\_w\\_iP(25)', -9.949731879725194, 22.255369254967768, 25.462497886351358, 1.870027437863585, 4.094065325677152, 13.737656339782415, 5.8027740959982035, 8.45771988061176, 20.834445273263942, -7.126832653637318, 10.901871563943699, -5.706584825312494, 16.327181660907303, 11.54003633838348, 4.238728289008469, 25.823549668266036, 3.100233204304527, 16.441406598768943, 24.729355117612513, -3.0136812434225133, 8.73300691294352, 16.013894030671214, 11.903752264182165, -0.5874655538310042, 0.8498268561424616]
['BDBJ\\_75\\_w\\_iP(25)', 18.668728920018, 32.47094832182311, 28.21281518049221, -1.4547704870868967, 8.687688048466129, 27.230136201028337, 35.28874378093406, 19.949546326890452, 4.13214915293553, 2.7534392606654374, 23.358622450056703, 38.54988742136179, 33.600141064489456, -0.02591429258189079, -14.497884238973143, 29.02148933318621, 8.559345986784525, 2.1905731429796362, -10.703635842094435, 19.160177382927106, 11.136729268649425, 11.605554630018789, 11.066359537324116, 17.364352989825978, -9.533837471442315]
