['X264\\_baseline', 0.0, 0.0, 0.0, 0.0, 0.0, 0.0, 0.0, 0.0, 0.0, 0.0, 0.0, 0.0, 0.0, 0.0, 0.0, 0.0, 0.0, 0.0, 0.0, 0.0, 0.0, 0.0, 0.0, 0.0, 0.0]
['X264\\_25', 9.820141071715385, 3.589851359097649, 0.6735992151692626, 0.7143726026553685, 3.070662385891664, 7.6518279960093665, 3.2755139263781605, 6.18063430625118, 5.303119215636294, 5.643200125465069, 7.523362612123144, 5.775597164945133, 6.595984109351192, 4.531655990294696, 6.345695384496208, 5.575042761537746, 5.702330400980986, 2.1756263988516626, 5.1402793099304995, 4.04665714510869, 9.631246926768993, 3.8031100133301265, 4.0588796806140826, 4.981422476318457, 7.195086854609815]
['X264\\_50', 18.471661246612847, 8.415335293925274, 8.621784866064043, 3.394834262870779, 3.855891849469122, 16.291502412952937, 10.362926509763325, 10.184006601695152, 3.9924038142279645, 6.091277305955187, 18.171340714964472, 9.120117867905616, 9.133592435501093, 6.7849852629696565, 3.6926565583173576, 14.640970533963213, 4.83148669745643, 6.235541243540451, 3.7607242704599075, 8.558465571538916, 12.998101549810066, 6.957140868091759, 7.091248553625123, 10.680071306605157, 5.7705535884270605]
['X264\\_75', 31.897906636552083, 16.019568773345625, 14.33538275324705, 5.752234680580817, 3.676540865881815, 28.154368482259414, 21.074383687554864, 9.97017354942135, 2.5468266511890607, -2.863376126446487, 25.320853324515625, 14.805314279245643, 15.550598384784788, 9.16839064455926, 0.7221975242891786, 28.17960721694377, 14.930125183169286, 14.166053606527987, 2.1334478815489692, 1.011239266347066, 24.533254873043003, 14.413413145983395, 13.762584753950852, 4.099872560215497, -0.7285750445913812]
['X264\\_25\\_w', 6.114607794689845, 8.220056036745472, 4.170636786895362, 3.659337909922099, 2.95824444646858, 5.358210239242839, 4.957020674823475, 1.880464308826726, -0.5482554026580287, 3.843833534236592, 7.307694609409703, 1.7260316086194227, 2.2180510572762655, 3.178996393280877, 3.696461913000814, 8.539246711229303, 6.6488688814731, 0.5443534719219404, 2.3764718887980107, 4.220409007720457, 4.630527513473854, -3.029308472819559, 4.302120226241921, 1.6661620868893072, 2.2713686238991335]
['X264\\_50\\_w', 19.561791266752962, 4.068036704422719, 5.0638757297814685, 4.013226839131793, 2.0762939811268972, 11.075404656860186, 7.422605890848784, 8.716134834332419, 3.4803300370390957, 6.26681350519232, 16.10130517432243, 4.9824788561186235, 5.865687128639951, 7.532832833003297, 5.809769172638021, 15.885318658335665, 6.6361416183891455, 4.027227486795779, 3.1866451102160727, 2.26968086095081, 12.65960832411864, 6.056267428525033, 2.4961951950778634, 3.401856417505349, 2.80318588687239]
['X264\\_75\\_w', 24.058940522815103, 10.47308442669149, 4.737664872066658, 10.628968916802833, 3.242941247802785, 22.19590400392032, 19.965483263623938, 12.768635553445831, -0.1521509172202066, -4.044486159600522, 20.629750976498652, 8.82860625158292, 14.11105082981802, 4.8745521745885885, 8.912223665353425, 17.91538781475173, 8.976472033393248, 5.932964122122004, 5.439534779535736, 1.3177066090751952, 20.777539899865108, 5.063461774262928, 16.258944478555744, 6.738370332807868, 0.26178372578161807]
['X264\\_25\\_w\\_iP(25)', 7.895559921682336, 5.676384536877668, 4.536378637869363, 4.676612116454775, 6.900108262793783, 9.147306256081482, 2.021386573986597, 5.427718372985225, 5.174393112006949, 4.319785201855674, 8.557212468081758, 0.5663722648269882, 6.629438482617569, 3.9284383388929736, 3.0669765091505337, 13.111764942006104, 1.0981958194263628, 4.827141095251526, 1.559018089138883, 0.4594428134063134, 11.779798783056476, 3.0245170623503763, -0.11251783443075532, 4.756991769231828, 9.249919192015781]
['X264\\_50\\_w\\_iP(25)', 15.258190225296545, 10.026603928222178, 13.046867357884066, 10.247671291781648, 6.033315631951564, 15.922323009799744, 11.048604530547962, 6.237778453764067, 10.813011899042683, 7.902049639607866, 20.188340637635694, 10.974627569354674, 8.783751646675176, 9.070944314939322, 7.907106535538761, 18.53011469639979, 7.813543694737793, 9.751193194489176, 9.313702964585607, 6.031841185313902, 21.80716063235171, 4.235971488675236, 8.14724692329445, 7.6003797800460156, 4.477850220500265]
['X264\\_75\\_w\\_iP(25)', 29.20843675004762, 19.788449749150175, 17.992984289969076, -6.71926610938029, 8.200933220562685, 25.683736492266885, 12.768766103822722, 12.359963266742342, 8.818594589391024, 2.809770009840407, 34.472007053858974, 21.10855898040927, 9.810850282966431, 2.422844173232175, 0.51788917704284, 25.281139605792344, 12.72689967562809, 13.072541729116896, 11.916720817356511, -2.0155513566060907, 33.10886042841769, 18.494721635425506, 14.222626755527678, 3.5021209653408545, -1.2211507875087952]
