['LLVM\\_baseline', 0.0, 0.0, 0.0, 0.0, 0.0, 0.0, 0.0, 0.0, 0.0, 0.0, 0.0, 0.0, 0.0, 0.0, 0.0, 0.0, 0.0, 0.0, 0.0, 0.0, 0.0, 0.0, 0.0, 0.0]
['LLVM\\_25', 2.7863516000630035, 2.9960217470544017, 3.4530089153815733, 3.141459305975715, 5.0925757796491204, 3.098163496332099, 2.5668027737643766, 2.586503416179364, 3.344832862011451, 4.3175134695109, 4.350605664670298, 2.5174962448983944, 3.1095654744246097, 4.030543275794305, 3.1206788759131796, 3.8178901083144243, 2.3747145955749556, 3.293761203380662, 2.861664980210242, 4.095896135860077, 3.574172641134908, 3.557942180935021, 4.060996346286537, 1.741103714474982]
['LLVM\\_50', 5.358975381030032, 5.538844164859822, 5.836661232007027, 5.736973907701175, 7.0308484944930205, 5.369333035231049, 7.55134106832509, 8.371260875771034, 6.047305621513631, 5.391852642209585, 7.847703189715521, 6.457918467270051, 4.744201924022804, 5.902410272064584, 6.019867008260461, 4.278184846474358, 5.798877681410606, 7.058890802890862, 4.036216226645481, 5.124042436193297, 9.186180973599587, 7.467449362394449, 5.370334165168398, 8.300334772138523]
['LLVM\\_75', 6.119272982733545, 8.046866559156053, 7.608371360404979, 9.035913686782681, 9.432824613612581, 9.200567124394237, 7.354250768507475, 6.569088213784596, 6.34609625443949, 7.584236143323702, 7.816507204406799, 8.10408508463926, 8.952342045636572, 10.50088672866472, 9.05747107690087, 8.860459869048555, 9.41649953712347, 9.08549069501556, 9.125285598687647, 8.451880985939201, 8.875299743484074, 5.806450117694471, 8.193313178560683, 10.028045241670497]
['LLVM\\_25\\_w', 2.6485070221524847, 4.040081841267039, 1.7362443568993509, 2.663638817287947, 2.383685753064084, 3.431044529456423, 2.931780592873673, 2.4541996659354006, 3.2742862422570407, 2.9520363358451407, 3.251232871092245, 3.282293664675129, 0.8806835808475563, 3.1406210905217073, 3.545331768891443, 2.497779527760691, 0.675334844262983, 1.5623170507150874, 3.2126227574810446, 1.6435993446898598, 4.106276947857274, 1.8296568300702307, 1.5905107617285463, 2.2469811401762407]
['LLVM\\_50\\_w', 5.816495121997074, 6.071450212253834, 4.841727970365244, 2.514976625957131, 4.493037102544731, 4.560717904886349, 5.765387349648183, 5.390474655716077, 4.483855609770294, 3.800587800289212, 5.928984367591438, 4.371684405114322, 2.2832711760499755, 4.674706413192512, 3.239209973702287, 3.412874958100958, 5.092948775826433, 4.2927105970014665, 6.291841170082725, 5.501369824999135, 5.27941400725867, 5.0155171726036185, 4.673919405789803, 4.813832546229439]
['LLVM\\_75\\_w', 7.951259611546932, 9.106116569987364, 7.0809288736967835, 7.046355070091492, 8.465785936899122, 3.615740486670904, 10.331975017333296, 6.9099293007749445, 5.309468088823287, 6.120306668786221, 3.067561881499034, 5.179377369339281, 7.479226826354861, 7.9887481088766545, 5.534443628850159, 9.317841472992741, 9.250565476802102, 9.059286014390194, 6.077060967970288, 6.055707390227451, 9.014417565367443, 8.620529048500233, 5.99750122395923, 10.351939793338245]
['LLVM\\_25\\_w\\_iP(25)', 3.0613795800716566, 2.828021165644756, 2.719374629959339, 3.5355627857129095, 1.9364621983968109, 2.7572610039452314, 3.5226692420473618, 3.2765362881429545, 2.314107029193935, 3.5373394390950064, 3.28961671041885, 3.2434447420236188, 3.153439411879851, 3.7282606864154384, 3.5010633255986674, 3.0587690798049096, 2.5364336981721642, 4.020673696837574, 3.1074453107780737, 1.7782000138217808, 3.8657043840531315, 2.9877179269266128, 3.441266791883622, 2.1686921626607987]
['LLVM\\_50\\_w\\_iP(25)', 7.716241875134358, 3.54338046134723, 8.725858669302665, 4.211775691927083, 8.731193509421907, 6.12734986523861, 6.043809692713548, 4.773303498289334, 5.1019740343398885, 3.0843340084077604, 5.325906785673759, 5.762539843918379, 5.756605666245225, 7.113747342679311, 7.905423546395408, 8.158777416639063, 5.586401382100838, 6.977186851255668, 6.418514773061047, 4.704608320779134, 5.506017174716593, 5.43141365552167, 7.178354488957041, 4.717286823229937]
['LLVM\\_75\\_w\\_iP(25)', 8.281835335862503, 8.165638475480407, 9.150662594704347, 6.250821844300076, 7.468767316637424, 9.526772550026875, 9.678152201191299, 8.987273951841132, 9.081223199076854, 7.739931551549978, 9.119317722303407, 8.650597930904897, 7.500225642103275, 8.620800164724445, 9.298892491330555, 9.21618756470652, 7.9530694960611275, 6.816367317997653, 7.449785658916244, 8.606323519736184, 7.601078639052328, 9.200937289923276, 9.843386371464572, 9.22846464031469]
