['X264\\_baseline', 0.0, 0.0, 0.0, 0.0, 0.0, 0.0, 0.0, 0.0, 0.0, 0.0, 0.0, 0.0, 0.0, 0.0, 0.0, 0.0, 0.0, 0.0, 0.0, 0.0, 0.0, 0.0, 0.0, 0.0]
['X264\\_25', 4.185192404315877, 4.0822440130246695, 7.541537684229163, 4.689868444417939, 4.658926812244608, 1.7745381151845505, 4.262442786317152, 1.5816434869682976, 4.195243282516574, 5.85570569393679, 4.055947025720302, 5.474406010610667, 4.259134471330068, 1.701809485233138, 4.71725219877076, -0.7166448418374874, 5.283384133727583, 4.545981070156128, 7.10961537888769, 5.569328027226423, 6.646697520319114, 3.9036267027087774, 5.964754439749605, 1.4928955259854528]
['X264\\_50', 10.602845675079013, 9.371851165021468, 6.592805570519269, 9.182150889332098, 6.664907348028448, 11.09783861931992, 7.204269777357905, 9.06574630598159, 8.997298668728865, 9.487909066634074, 11.575675568994717, 9.510018902713114, 7.949442444862809, 6.182652057851252, 3.1898791747022783, 9.29786751173189, 9.909964738340785, 10.306747949120515, 5.443689964783339, 5.415175352250057, 9.155862114381472, 8.475524720032812, 4.2496160613528255, 7.805742435850496]
['X264\\_75', 9.826384191294839, 10.172930060785992, 14.978918886130522, 10.072897843605165, 7.377131934519171, 9.67686752559122, 15.041682307321642, 14.988885622396968, 12.332296460242826, 12.604962548766732, 11.701418610205875, 15.54203806655796, 11.945159488198449, 14.384786506384813, 12.746954513504372, 11.555542781306764, 11.71572837981291, 6.784345304799686, 12.434114290351156, 11.67467504314775, 14.429461981818871, 13.560058910564003, 11.125923326814378, 8.124301357223537]
['X264\\_25\\_w', 2.8486431726670283, 3.0488426754667204, 6.654061057597774, 2.5379932121392446, 4.472479306172875, -0.005788219090203643, 5.504824795538342, 4.2459459756421065, 5.389808723502191, 0.9053777043216679, 3.0657243681594446, 7.3035788834398065, 5.449610682703842, 4.266966413393118, 3.081288752970771, 5.481208114535878, 3.0270660720190525, 1.4684983530232427, 1.3999212399158691, 1.7913984655730255, 6.832300353706178, 0.1122327336157159, 4.068006448272824, 1.662519974172443]
['X264\\_50\\_w', 4.591680625860219, 4.030796457261234, 6.116423728958487, 4.852777225837582, 9.001983726318032, 6.515599718995809, 5.527315698059063, 10.059681019190705, 6.569917511278654, 8.136232724394139, 9.010255347412851, 8.68041056509235, 7.969566990614589, 6.147542125554876, 4.224265188445784, 7.393301461280305, 5.602980742651457, 6.612106996389421, 5.5193108443280785, 8.040681673267171, 5.11665473275316, 4.679351621291187, 4.168477986933944, 3.969507650111252]
['X264\\_75\\_w', 10.202944029488492, 11.155038880055862, 10.5150447825523, 11.419991574128955, 10.603995303386483, 9.00529886497165, 7.683750104154016, 10.59073477818234, 11.564834549405807, 9.117542424443178, 6.155143114078858, 1.5517530398405457, 8.662647257957271, 6.57010714155363, 8.610425171897427, 8.272439614631509, 4.209027723250696, 10.18910390887188, 11.868847313774408, 10.816625704711926, 8.70015999113545, 12.86634586030947, 12.5290981641749, 10.063208357952753]
['X264\\_25\\_w\\_iP(25)', 4.244007073126239, 6.164171798771932, 2.7668839485733803, 5.508762990892645, 4.857498619268099, 6.766803407317611, 4.411168313081218, 3.1320420946063994, 6.5843045551112365, 5.9409243257461615, 5.324275570197521, 2.753621053170282, 5.478765603370994, 4.244590055964077, 5.476625182116213, 6.0130845509762665, 1.4313346054397662, 3.077840365163674, 1.5469116596002588, 7.175906085960622, 4.67434612868811, 5.558824768673327, 4.1216698590860155, 2.7314387144905092]
['X264\\_50\\_w\\_iP(25)', 8.320091399167765, 10.906591428138247, 8.636592333426256, 7.84331714924214, 6.786855244661918, 8.017019993617875, 5.524858534870308, 10.66060370409419, 7.1326109543623115, 7.652702445452505, 9.518166549568557, 9.515138916083894, 10.46966686505225, 11.236276704462895, 8.595694247479555, 9.151740132267498, 6.801608757676123, 9.445730172215503, 10.022592986368561, 11.684953645480965, 6.767256353067063, 9.873858744274788, 9.188525697930618, 9.467156675525672]
['X264\\_75\\_w\\_iP(25)', 12.009206461582826, 9.580506567160594, 11.853685929153906, 16.657693117426998, 9.612307369015127, 11.969484911498588, 16.183633127388628, 9.972324455069598, 11.58206374083704, 10.316779976612919, 11.536353902096117, 7.167848744078396, 12.670033504059608, 12.022579248375537, 11.831811754582125, 14.516931941554027, 9.818414749396643, 12.844842970298448, 11.283224268170018, 10.573652791542147, 13.941944718818217, 11.909666084176415, 13.341999378009932, 11.601654032692048]
