8.088235294117647,1.0,0.0,32.06218435470753,104.05953246928263,8.010450988871092,4.011596741195809,29.071002585904598,3.0354656867610794,0.8826747079443495,955.0268349017136,1.0,2.0,-0.15111183455165558,0.19545027829119285,0.050981914289864816,0.03796314631813011,118.00672596351686,4.062562385798363,1.5067670653484082,0
10.088235294117647,1.0,0.0,17.062184354707533,62.05953246928264,11.010450988871092,1.011596741195809,0.07100258590459632,5.035465686761079,0.8398175649443497,491.02683490171364,1.0,1.0,-0.15111183455165558,0.11628361129119286,0.050981914289864816,0.03796314631813011,47.10672596351686,2.062562385798363,1.1067670653484083,0
12.088235294117647,1.0,0.0,10.062184354707535,64.05953246928263,0.01045098887109156,1.011596741195809,10.071002585904596,7.035465686761079,0.6186054429443496,444.02683490171364,1.0,1.0,-0.15111183455165558,0.12600583429119286,0.050981914289864816,0.03796314631813011,35.75672596351686,6.062562385798363,2.673467065348408,0
6.088235294117647,1.0,0.0,5.062184354707535,22.059532469282637,0.01045098887109156,3.011596741195809,3.0710025859045964,4.035465686761079,0.6731508979443496,84.02683490171366,1.0,2.0,-0.15111183455165558,0.3273947222911928,0.050981914289864816,0.03796314631813011,12.506725963516859,2.062562385798363,1.0067670653484082,0
29.08823529411765,2.0,0.0,21.062184354707533,104.05953246928263,236.0104509888711,1.011596741195809,20.071002585904598,22.03546568676108,0.8410080409443496,733.0268349017136,1.0,0.0,0.5445403394483445,0.026186352291192844,1.0509819142898649,4.0379631463181305,24.14465699351686,5.062562385798363,1.7653670653484081,0
19.08823529411765,1.0,0.0,8.062184354707535,42.05953246928264,99.01045098887109,2.011596741195809,7.071002585904596,3.0354656867610794,0.8620397869443497,329.02683490171364,1.0,1.0,-0.15111183455165558,0.14610817329119283,0.050981914289864816,0.03796314631813011,16.05935754351686,5.062562385798363,1.5856670653484082,0
11.088235294117647,1.0,0.0,12.062184354707535,52.05953246928264,37.01045098887109,4.011596741195809,0.07100258590459632,5.035465686761079,0.7731508979443495,360.02683490171364,1.0,1.0,-0.15111183455165558,0.2662836112911928,0.050981914289864816,0.03796314631813011,31.37036232351686,8.062562385798362,1.8249670653484082,0
25.08823529411765,4.0,0.0,18.062184354707533,73.05953246928263,200.0104509888711,1.011596741195809,0.07100258590459632,18.03546568676108,0.9273175649443496,666.0268349017136,1.0,0.0,0.5851519014483444,0.2629502782911929,0.050981914289864816,0.03796314631813011,25.32672596351686,13.062562385798362,1.9267670653484081,0
38.088235294117645,4.0,4.0,21.062184354707533,104.05953246928263,613.0104509888711,4.011596741195809,0.07100258590459632,29.03546568676108,0.9708342959443496,839.0268349017136,1.0,1.0,0.4931189344483444,0.10851418829119286,1.0509819142898649,1.03796314631813,20.71725228351686,18.062562385798362,1.8225670653484083,0
28.08823529411765,1.0,0.0,32.06218435470753,82.05953246928263,374.01045098887107,26.01159674119581,7.071002585904596,24.03546568676108,1.0854965769443496,926.0268349017136,0.166666667,0.0,-0.15111183455165558,0.10928772729119285,0.050981914289864816,0.03796314631813011,31.64958310351686,23.062562385798362,2.685367065348408,0
29.08823529411765,1.0,0.0,39.06218435470753,116.05953246928263,90.01045098887109,1.011596741195809,38.071002585904594,22.03546568676108,0.9887353139443495,1109.0268349017138,0.818181818,5.0,-0.15111183455165558,0.032300927291192855,0.050981914289864816,0.03796314631813011,36.86879493351686,14.062562385798362,2.075767065348408,0
22.08823529411765,2.0,0.0,20.062184354707533,143.05953246928263,0.01045098887109156,2.011596741195809,20.071002585904598,5.035465686761079,0.8350556599443496,1648.0268349017138,1.0,2.0,0.2962565864483444,0.21411910929119285,1.0509819142898649,2.03796314631813,73.37036232351686,16.062562385798362,2.870367065348408,0
48.088235294117645,1.0,0.0,16.062184354707533,109.05953246928263,118.01045098887109,3.011596741195809,15.071002585904596,39.03546568676108,0.8688955789443495,719.0268349017136,1.0,5.0,-0.15111183455165558,0.030519722291192847,0.050981914289864816,0.03796314631813011,13.777559293516859,6.062562385798363,1.6317670653484082,0
57.088235294117645,2.0,1.0,56.06218435470753,242.05953246928263,1504.010450988871,8.01159674119581,54.071002585904594,27.03546568676108,1.0234059999443494,2550.0268349017138,0.7857142859999999,3.0,0.3867032914483445,-0.0031041437088071416,2.050981914289865,5.0379631463181305,43.497954033516855,9.062562385798362,2.041867065348408,0
55.088235294117645,1.0,0.0,31.062184354707533,123.05953246928263,1255.010450988871,17.01159674119581,15.071002585904596,41.03546568676108,0.9435212679443495,1167.0268349017138,1.0,6.0,-0.15111183455165558,-0.008117259708807154,0.050981914289864816,0.03796314631813011,19.95218051351686,9.062562385798362,1.7158670653484083,0
33.088235294117645,1.0,0.0,54.06218435470753,277.05953246928266,194.0104509888711,9.01159674119581,48.071002585904594,20.03546568676108,0.8294008979443496,2591.0268349017138,1.0,4.0,-0.15111183455165558,-0.007492611708807148,0.050981914289864816,0.03796314631813011,77.37036232351686,19.062562385798362,4.006767065348408,0
65.08823529411765,1.0,3.0,41.06218435470753,131.05953246928263,2010.010450988871,5.011596741195809,37.071002585904594,39.03546568676108,0.9842085899443496,810.0268349017136,1.0,5.0,-0.15111183455165558,-0.03945774870880715,0.050981914289864816,0.03796314631813011,11.26826442351686,5.062562385798363,1.4067670653484081,0
74.08823529411765,1.0,0.0,40.06218435470753,190.05953246928263,2181.010450988871,13.01159674119581,30.071002585904598,72.03546568676109,0.9561417659443495,1443.0268349017138,1.0,8.0,-0.15111183455165558,-0.04948215370880715,0.050981914289864816,0.03796314631813011,18.18240164351686,6.062562385798363,1.4256670653484083,0
77.08823529411765,1.0,0.0,50.06218435470753,243.05953246928263,2706.010450988871,4.011596741195809,49.071002585904594,49.03546568676108,1.0210675649443495,2480.0268349017138,1.0,4.0,-0.15111183455165558,-0.02949911470880716,0.050981914289864816,0.03796314631813011,30.90282986351686,11.062562385798362,1.9548670653484082,0
99.08823529411765,1.0,0.0,65.06218435470754,293.05953246928266,3615.010450988871,31.01159674119581,42.071002585904594,73.03546568676109,0.9501350249443496,2894.0268349017138,1.0,9.0,-0.15111183455165558,-0.026543953708807147,1.0509819142898649,1.03796314631813,28.057231013516862,21.062562385798362,2.208767065348408,0
11.088235294117647,1.0,0.0,43.06218435470753,11.059532469282635,55.01045098887109,35.01159674119581,8.071002585904596,11.035465686761079,2.0731508979443496,11.026834901713654,0.0,0.0,-0.15111183455165558,0.2920411872911929,0.050981914289864816,0.03796314631813011,0.006725963516858966,1.0625623857983626,1.0067670653484082,0
8.088235294117647,1.0,0.0,27.062184354707533,8.059532469282635,28.010450988871092,14.01159674119581,14.071002585904596,8.035465686761079,2.0731508979443496,8.026834901713654,0.0,0.0,-0.15111183455165558,0.15080742129119287,0.050981914289864816,0.03796314631813011,0.006725963516858966,1.0625623857983626,1.0067670653484082,0
4.088235294117647,1.0,0.0,6.062184354707535,4.059532469282636,6.010450988871091,6.011596741195809,0.07100258590459632,4.035465686761079,2.0731508979443496,4.026834901713654,0.0,0.0,-0.15111183455165558,0.8829502782911929,0.050981914289864816,0.03796314631813011,0.006725963516858966,1.0625623857983626,1.0067670653484082,0
9.088235294117647,2.0,0.0,19.062184354707533,39.05953246928264,34.01045098887109,8.01159674119581,13.071002585904596,5.035465686761079,1.0106508979443496,178.02683490171364,0.5,1.0,0.1488881654483444,0.21107527829119285,1.0509819142898649,1.03796314631813,18.56228152351686,1.0625623857983626,0.7845670653484083,0
28.08823529411765,1.0,0.0,11.062184354707535,72.05953246928263,118.01045098887109,5.011596741195809,10.071002585904596,18.03546568676108,1.0671771819443496,719.0268349017136,0.967741935,0.0,-0.15111183455165558,0.10318837329119285,0.050981914289864816,0.03796314631813011,23.57815453351686,6.062562385798363,2.721067065348408,0
11.088235294117647,1.0,0.0,11.062184354707535,44.05953246928264,49.01045098887109,8.01159674119581,3.0710025859045964,8.035465686761079,1.0231508979443495,279.02683490171364,0.5,0.0,-0.15111183455165558,0.11628361129119286,0.050981914289864816,0.03796314631813011,23.64308960351686,8.062562385798362,1.5522670653484083,0
13.088235294117647,1.0,0.0,29.062184354707533,148.05953246928263,78.01045098887109,0.011596741195808934,0.07100258590459632,1.0354656867610794,1.0453731199443494,1407.0268349017138,0.333333333,0.0,-0.15111183455165558,0.07525797029119285,0.050981914289864816,0.03796314631813011,107.00672596351686,8.062562385798362,2.314467065348408,0
11.088235294117647,1.0,0.0,14.062184354707535,24.059532469282637,17.010450988871092,10.01159674119581,4.071002585904596,10.035465686761079,0.6131508979443496,107.02683490171366,1.0,0.0,-0.15111183455165558,0.2768896722911929,0.050981914289864816,0.03796314631813011,8.279453236516858,2.062562385798363,1.1885670653484082,0
5.088235294117647,1.0,0.0,2.0621843547075347,6.059532469282636,2.0104509888710917,1.011596741195809,1.0710025859045964,5.035465686761079,0.8231508979443496,36.026834901713656,1.0,0.0,-0.15111183455165558,0.48295027829119286,0.050981914289864816,0.03796314631813011,5.406725963516859,1.0625623857983626,0.8067670653484083,0
8.088235294117647,1.0,0.0,3.0621843547075347,35.05953246928264,20.010450988871092,2.011596741195809,1.0710025859045964,4.035465686761079,0.8826747079443495,303.02683490171364,1.0,0.0,-0.15111183455165558,0.2400931352911929,0.050981914289864816,0.03796314631813011,36.50672596351686,4.062562385798363,1.2567670653484082,0
23.08823529411765,2.0,0.0,150.06218435470754,67.05953246928263,235.0104509888711,147.0115967411958,5.071002585904596,20.03546568676108,0.9254236249443496,653.0268349017136,0.75,1.0,0.12888816544834444,0.16325330829119286,1.0509819142898649,1.03796314631813,26.87629118351686,9.062562385798362,1.8763670653484081,0
19.08823529411765,1.0,1.0,32.06218435470753,29.059532469282637,107.01045098887109,29.01159674119581,3.0710025859045964,19.03546568676108,0.9689842309443496,186.02683490171364,0.875,3.0,-0.15111183455165558,0.07843900029119286,0.050981914289864816,0.03796314631813011,8.375147016516857,5.062562385798363,1.2172670653484081,0
7.088235294117647,1.0,0.0,10.062184354707535,44.05953246928264,19.010450988871092,4.011596741195809,7.071002585904596,4.035465686761079,0.9898175649443496,348.02683490171364,0.5,0.0,-0.15111183455165558,0.2371169452911929,0.050981914289864816,0.03796314631813011,48.435297393516855,1.0625623857983626,0.7210670653484083,0
5.088235294117647,2.0,0.0,10.062184354707535,44.05953246928264,0.01045098887109156,3.011596741195809,7.071002585904596,5.035465686761079,0.5731508979443496,305.02683490171364,1.0,2.0,0.6822214984483445,0.48295027829119286,1.0509819142898649,1.03796314631813,59.406725963516855,1.0625623857983626,0.8067670653484083,0
12.088235294117647,4.0,0.0,8.062184354707535,24.059532469282637,30.010450988871092,0.011596741195808934,0.07100258590459632,12.035465686761079,0.8731508979443496,124.02683490171366,1.0,0.0,0.7078625244483445,0.5912836112911929,0.050981914289864816,0.03796314631813011,8.92339263051686,1.0625623857983626,0.9234670653484082,0
16.08823529411765,4.0,0.0,8.062184354707535,27.059532469282637,68.01045098887109,0.011596741195808934,0.07100258590459632,16.03546568676108,0.9207699459443496,175.02683490171364,1.0,0.0,0.6659613364483444,0.6017002782911929,0.050981914289864816,0.03796314631813011,9.506725963516859,1.0625623857983626,0.9442670653484082,0
8.088235294117647,2.0,0.0,9.062184354707535,61.05953246928264,28.010450988871092,2.011596741195809,7.071002585904596,6.035465686761079,1.2160080409443497,544.0268349017136,1.0,0.0,0.4599992764483445,0.2579502782911929,1.0509819142898649,3.03796314631813,66.88172596351686,4.062562385798363,1.6317670653484082,0
15.088235294117647,4.0,0.0,13.062184354707535,64.05953246928263,57.01045098887109,0.011596741195808934,0.07100258590459632,14.035465686761079,0.8945794689443495,411.02683490171364,1.0,0.0,0.6760486594483445,0.18961694529119286,1.0509819142898649,2.03796314631813,26.00672596351686,5.062562385798363,1.2067670653484082,0
35.088235294117645,4.0,0.0,16.062184354707533,103.05953246928263,429.01045098887107,0.011596741195808934,0.07100258590459632,28.03546568676108,0.9672685449443497,824.0268349017136,0.933333333,1.0,0.5122545024483445,0.19723599229119285,2.050981914289865,4.0379631463181305,22.12101167351686,2.062562385798363,1.0067670653484082,0
37.088235294117645,6.0,0.0,26.062184354707533,120.05953246928263,570.0104509888711,2.011596741195809,26.071002585904598,24.03546568676108,0.9219163299443496,1123.0268349017138,0.666666667,0.0,0.6741308834483444,0.0030703982911928496,4.050981914289864,18.03796314631813,29.11483407351686,9.062562385798362,2.574367065348408,0
