2.7,1.0,0.0,12.106385050665468,3.3023545575517943,1.7863681991688285,1.0,0.0,3.0,1.333333333,20.0,1.0,1.0,0.0,0.5555555560000001,0.0,0.0,6.0,2.0,1.0,0
2.95,1.0,0.0,12.106385050665468,3.5950022898650413,1.7863681991688285,1.0,0.0,4.0,1.333333333,20.0,1.0,2.0,0.0,0.5,0.0,0.0,7.25,3.0,1.25,0
2.95,1.0,0.0,12.106385050665468,3.5950022898650413,1.7863681991688285,1.0,0.0,4.0,1.333333333,20.0,1.0,2.0,0.0,0.5,0.0,0.0,7.25,3.0,1.25,0
2.95,1.0,0.0,12.662615757713258,3.887650022178289,1.7863681991688285,1.0,0.0,4.0,1.333333333,20.0,1.0,2.0,0.0,0.4375,0.0,0.0,6.25,2.0,1.0,0
3.9499999999999993,1.0,0.0,8.352584888989723,5.643536416057773,6.030049572939074,2.0,0.0,6.0,1.333333333,20.0,1.0,0.0,0.0,0.625,0.0,0.0,7.375,3.0,1.25,0
2.25,1.0,0.0,7.390576767619476,4.51177278775897,0.0,10.0,0.0,6.0,1.333333333,20.0,1.0,1.0,0.0,0.444444444,0.0,0.0,6.0,1.0,0.8333,0
2.25,1.0,0.0,5.1656539394283145,4.804420520072217,2.190547156083924,2.0,0.0,6.0,1.333333333,20.0,1.0,1.0,0.0,0.4,0.0,0.0,9.166666667000001,2.0,1.0,0
4.625,1.0,0.0,4.984294612699126,8.983340966216806,2.633747985954042,9.0,0.0,8.0,1.333333333,20.0,1.0,1.0,0.0,0.4166666670000001,0.0,0.0,5.5,1.0,0.875,0
5.375,1.0,0.0,3.5937178450796505,9.5686364308433,2.9466832939660312,5.0,0.0,11.0,1.333333333,20.0,1.0,1.0,0.0,0.318181818,0.0,0.0,4.909090909,1.0,0.9091,0
3.875,1.0,0.0,2.759371784507965,5.764215910771083,4.511359834025976,0.0,0.0,5.0,1.333333333,20.0,1.0,2.0,0.0,0.466666667,0.0,0.0,3.4,1.0,0.8,0
4.0,1.0,1.3179609442635032,6.112461414095581,8.11789204461446,7.38897168209791,5.0,0.0,7.0,1.333333333,20.0,1.0,1.0,0.0,0.314285714,0.0,0.0,3.0,1.0,0.8571,0
4.449999999999999,1.0,1.5815531331162038,11.133738424228675,5.936184148371021,13.227561657214821,6.0,0.0,10.0,1.333333333,20.0,1.0,1.0,0.0,0.3,0.0,0.0,3.9,1.0,0.8,0
2.95,1.0,0.0,12.940731111237152,4.472945486804783,1.7863681991688285,4.0,0.0,4.0,1.333333333,20.0,1.0,1.0,0.0,0.5,0.0,0.0,7.0,1.0,0.75,0
5.199999999999999,1.0,0.5271843777054013,8.908815596037513,14.715616117768448,23.55442682161047,2.0,0.0,9.0,1.333333333,20.0,1.0,0.0,0.0,0.5625,0.0,0.0,14.84615385,1.0,0.8462,0
5.0,1.0,0.0,7.503038181715056,12.800255761626419,8.640712914145867,10.0,0.0,10.0,1.333333333,20.0,1.0,0.0,0.0,0.393939394,0.0,0.0,8.272727273,2.0,1.1818,1
3.45,1.0,0.0,13.218846464761048,5.643536416057773,1.7863681991688285,3.0,0.0,6.0,1.333333333,20.0,1.0,1.0,0.0,0.458333333,0.0,0.0,7.833333333,2.0,1.0,0
3.2,1.0,0.0,15.44376929295221,7.984718274563754,1.7863681991688285,11.0,0.0,5.0,1.333333333,20.0,1.0,0.0,0.0,0.4,0.0,0.0,13.8,2.0,1.0,0
6.950000000000001,1.0,0.5271843777054013,8.908815596037513,10.618547865382983,46.08576899847368,2.0,0.0,18.0,1.333333333,20.0,1.0,0.0,0.0,0.5,0.0,0.0,7.95,2.0,1.05,0
6.199999999999999,1.0,0.0,9.465046303085304,10.325900133069734,29.813132981850252,2.0,0.0,17.0,1.333333333,20.0,1.0,0.0,0.0,0.382352941,0.0,0.0,8.470588235,1.0,0.8824,0
5.699999999999999,2.0,0.0,11.133738424228675,6.521479612997515,22.6156208975745,9.0,0.0,15.0,1.333333333,20.0,1.0,1.0,0.125,0.29333333300000003,0.0,0.0,5.466666667,1.0,0.9333,0
3.2,1.0,0.0,12.940731111237152,18.22738890552742,1.7863681991688285,1.0,0.0,5.0,1.333333333,20.0,1.0,0.0,0.0,0.342857143,0.0,0.0,65.0,11.0,3.0,0
2.7,1.0,0.0,14.609423232380525,12.959729723888962,2.0993035071808173,1.0,0.0,3.0,1.333333333,20.0,1.0,0.0,0.0,0.4166666670000001,0.0,0.0,70.33333333,4.0,1.6667,0
2.7,1.0,0.0,15.165653939428314,8.277366006877003,1.7863681991688285,4.0,0.0,2.0,1.333333333,20.0,1.0,3.0,0.0,0.583333333,0.0,0.0,64.0,6.0,3.3333,0
4.949999999999999,1.0,0.0,9.7431616566092,20.275923031720147,21.676814973538526,2.0,0.0,5.0,1.333333333,20.0,1.0,0.0,0.0,0.345238095,0.0,0.0,76.33333333,1.0,0.9167,0
3.25,1.0,0.0,7.390576767619476,12.120613827903405,12.204477012467574,11.0,0.0,7.0,1.333333333,20.0,1.0,0.0,0.0,0.174603175,0.0,0.0,129.7,7.0,2.8,0
2.95,1.0,0.0,16.0,24.958286748732107,1.7863681991688285,1.0,0.0,3.0,1.333333333,20.0,1.0,1.0,0.0,0.5,0.0,0.0,107.5,1.0,0.75,0
2.75,1.0,0.0,13.230999191621272,31.142716428264492,2.503482464095913,4.0,0.0,3.0,1.333333333,20.0,1.0,2.0,0.0,0.3125,0.0,0.0,118.0,4.0,1.5,3
2.45,1.0,0.0,15.721884646476106,11.78913879463597,1.7863681991688285,1.0,0.0,2.0,1.333333333,20.0,1.0,2.0,0.0,0.6,0.0,0.0,161.0,13.0,6.5,0
2.95,1.0,0.0,18.22492282819116,32.27448005656329,1.7863681991688285,2.0,0.0,3.0,1.333333333,20.0,1.0,2.0,0.0,0.375,0.0,0.0,189.25,1.0,0.75,0
1.25,1.0,0.0,12.674768484573484,19.72945486804784,0.0,1.0,0.0,2.0,1.333333333,20.0,1.0,3.0,0.0,0.571428571,0.0,0.0,203.5,1.0,0.5,0
3.6999999999999997,1.0,0.0,12.384500404189364,5.350888683744526,1.7863681991688285,3.0,0.0,7.0,1.333333333,20.0,1.0,4.0,0.0,0.428571429,0.0,0.0,9.285714286000001,1.0,0.8571,0
2.7,1.0,0.0,14.053192525332733,8.57001373919025,1.7863681991688285,1.0,0.0,2.0,1.333333333,20.0,1.0,2.0,0.0,0.444444444,0.0,0.0,39.66666667,1.0,0.6667,0
2.0,1.0,0.0,6.8343460605716855,6.5603069139517025,0.6258706160239782,3.0,0.0,5.0,1.333333333,20.0,1.0,1.0,0.0,0.533333333,0.0,0.0,16.4,2.0,1.2,0
3.9499999999999993,1.0,0.0,14.88753858590442,10.325900133069734,1.7863681991688285,7.0,0.0,8.0,1.333333333,20.0,1.0,1.0,0.0,0.4166666670000001,0.0,0.0,14.625,1.0,0.875,0
4.949999999999999,1.0,0.0,12.384500404189364,7.984718274563754,1.7863681991688285,1.0,0.0,11.0,1.333333333,20.0,1.0,1.0,0.0,0.316666667,0.0,0.0,17.0,2.0,1.0,0
2.0,1.0,0.0,7.946807474667266,9.486784237084176,1.2517412320479564,3.0,0.0,3.0,1.333333333,20.0,1.0,1.0,0.0,0.5,0.0,0.0,28.6,5.0,1.8,0
2.25,1.0,0.0,6.0,12.41326156021665,4.0681590041558575,2.0,0.0,5.0,1.333333333,20.0,1.0,0.0,0.0,0.666666667,0.0,0.0,36.66666667,1.0,0.6667,0
4.199999999999999,1.0,0.26359218885270064,12.940731111237152,10.325900133069734,1.7863681991688285,3.0,0.0,6.0,1.333333333,20.0,1.0,0.0,0.0,0.4166666670000001,0.0,0.0,16.22222222,3.0,1.4444,0
6.700000000000001,1.0,0.0,10.021277010133094,14.13032065314195,32.629550753958156,2.0,0.0,3.0,1.333333333,20.0,1.0,1.0,0.0,0.263157895,0.0,0.0,16.05263158,5.0,1.5789,2
3.25,1.0,0.0,9.059268888762848,18.8515116711081,3.44228838813188,1.0,0.0,5.0,1.333333333,20.0,1.0,1.0,0.0,0.233333333,0.0,0.0,47.1,2.0,1.1,1
4.949999999999999,1.0,0.0,14.331307878856629,20.568570764033396,1.7863681991688285,1.0,0.0,7.0,1.333333333,20.0,1.0,1.0,0.0,0.243055556,0.0,0.0,35.75,6.0,2.6667,2
6.199999999999999,1.0,0.0,9.465046303085304,13.252377456202208,36.07183914209003,2.0,0.0,17.0,1.333333333,20.0,1.0,1.0,0.0,0.344537815,0.0,0.0,8.588235294,2.0,1.0588,0
5.449999999999999,1.0,0.0,14.331307878856629,13.252377456202208,1.7863681991688285,2.0,0.0,13.0,1.333333333,20.0,1.0,2.0,0.0,0.224489796,0.0,0.0,14.71428571,4.0,1.7143,0
8.5,1.0,0.0,15.128166801396453,29.68236371701196,28.701906990109897,5.0,0.0,11.0,1.333333333,20.0,1.0,0.0,0.0,0.276785714,0.0,0.0,15.35714286,3.0,1.1429,0
5.949999999999999,1.0,0.0,10.54103006034481,14.331475033267434,10.190547156083923,25.0,0.0,10.0,1.333333333,20.0,1.0,1.0,0.0,0.233333333,1.0,1.0,12.3,6.0,1.9,0
7.200000000000001,2.0,0.5271843777054013,10.29939236365699,18.81268437015391,50.46686331064153,3.0,0.0,15.0,1.333333333,20.0,1.0,0.0,0.512820513,0.32,0.0,0.0,16.33333333,6.0,1.381,0
6.700000000000001,1.0,0.0,9.465046303085304,20.568570764033396,25.119103361670412,1.0,0.0,18.0,1.333333333,20.0,1.0,1.0,0.0,0.3859649120000001,0.0,0.0,32.15789474,6.0,2.3684,0
6.449999999999999,1.0,0.0,14.193007312991522,26.128877677985095,48.90218677058158,18.0,0.0,15.0,1.333333333,20.0,1.0,0.0,0.0,0.194117647,0.0,0.0,34.33333333,5.0,1.5556,0
11.681818181818182,1.0,0.0,10.031223691428806,39.910706697717316,44.87001374458994,4.0,0.0,5.0,1.333333333,20.0,1.0,1.0,0.0,0.383333333,0.0,0.0,31.36363636,8.0,1.8182,1
5.199999999999999,1.0,0.0,15.583584080610997,32.27448005656329,25.4320386696824,2.0,0.0,8.0,1.333333333,20.0,1.0,1.0,0.0,0.227272727,0.0,0.0,52.07692308,8.0,1.6154,0
5.199999999999999,1.0,0.0,16.834346060571686,24.37299128410561,1.7863681991688285,4.0,0.0,12.0,1.333333333,20.0,1.0,1.0,0.0,0.253846154,0.0,0.0,82.76923077,14.0,2.8462,0
9.5,1.0,2.3319580686331145,10.992147306349564,33.791926244734825,42.436235901678295,11.0,0.0,12.0,1.333333333,20.0,1.0,0.0,0.0,0.346153846,0.0,0.0,21.53846154,4.0,1.8462,0
9.0,1.0,2.3319580686331145,7.654763064062822,23.841903346084408,40.24568874559437,2.0,0.0,11.0,1.333333333,20.0,1.0,0.0,0.0,0.727272727,0.0,0.0,7.272727272999999,2.0,0.9091,0
9.0,1.0,2.3319580686331145,8.767224478158402,22.963960149144665,42.74917120969028,4.0,0.0,11.0,1.333333333,20.0,1.0,1.0,0.0,0.363636364,0.0,0.0,5.6363636360000005,2.0,1.0,0
12.25,1.0,0.7907765665581019,9.0,34.923755539843526,48.69585450365631,3.0,0.0,8.0,1.333333333,20.0,1.0,1.0,0.0,0.65,0.0,0.0,5.3,2.0,1.0,0
12.5,2.0,0.0,8.44376929295221,34.04581234290379,47.44411327160836,5.0,0.0,11.0,1.333333333,20.0,1.0,1.0,0.28571428600000004,0.290909091,0.0,0.0,5.272727273,1.0,0.9091,0
12.0,1.0,0.0,7.609423232380524,33.75316461059054,48.38291919564432,3.0,0.0,9.0,1.333333333,20.0,1.0,2.0,0.0,0.481481481,0.0,0.0,5.222222222,2.0,1.1111,0
7.5,1.0,0.0,12.347013266157502,21.195579479927783,25.57255390999001,1.0,0.0,10.0,1.333333333,20.0,1.0,0.0,0.0,0.7,0.0,0.0,3.9,1.0,0.9,0
8.200000000000003,1.0,0.0,10.577507717180884,18.81268437015391,74.87581733557667,6.0,0.0,23.0,1.333333333,20.0,1.0,1.0,0.0,0.32,0.0,0.0,9.08,2.0,1.16,0
6.950000000000001,1.0,0.0,10.021277010133094,10.325900133069734,35.44596852606605,5.0,0.0,20.0,1.333333333,20.0,1.0,1.0,0.0,0.235714286,0.0,0.0,8.0,1.0,0.9,0
8.200000000000003,1.0,0.0,9.465046303085304,9.44795693612999,88.01910027208021,5.0,0.0,25.0,1.333333333,20.0,1.0,1.0,0.0,0.246666667,0.0,0.0,3.96,1.0,0.96,0
7.200000000000001,1.0,0.0,9.7431616566092,8.277366006877003,49.840992694617555,5.0,0.0,21.0,1.333333333,20.0,1.0,2.0,0.0,0.18452381,0.0,0.0,5.2380952380000005,1.0,0.9524,0
13.0,1.0,1.8451453219689045,14.284191716954009,41.36200565073497,53.38988412383615,23.0,0.0,6.0,1.333333333,20.0,1.0,1.0,0.0,0.201923077,1.0,1.0,12.0,5.0,1.2308,0
9.200000000000003,2.0,0.0,13.63677660594373,32.27448005656329,75.50168795160064,1.0,0.0,22.0,1.333333333,20.0,1.0,0.0,0.695652174,0.143236074,1.0,4.0,24.13793103,5.0,1.7586,1
12.681818181818182,1.0,0.0,11.978031166096072,44.007774950102785,45.49588436061392,2.0,0.0,6.0,1.333333333,20.0,1.0,3.0,0.0,0.20952381,0.0,0.0,28.26666667,6.0,1.9333,0
9.450000000000003,1.0,0.0,15.305468727087103,24.665639016418858,85.2026824999723,16.0,0.0,30.0,1.333333333,20.0,1.0,1.0,0.0,0.123076923,0.0,0.0,16.8,5.0,1.4667,0
9.450000000000003,3.0,0.26359218885270064,15.027353373563207,40.468616561334215,117.1220839171952,1.0,0.0,13.0,1.333333333,20.0,1.0,0.0,0.8040540540000001,0.171111111,1.0,2.0,35.43333333,18.0,2.6333,0
9.450000000000003,1.0,0.0,18.086622262326053,21.739161693286384,109.61163652490745,30.0,0.0,27.0,1.333333333,20.0,1.0,3.0,0.0,0.18226601,0.0,0.0,15.86666667,5.0,1.6,0
7.450000000000001,2.0,0.0,17.11246141409558,43.687741616779945,1.7863681991688285,2.0,0.0,5.0,1.333333333,20.0,1.0,2.0,0.447368421,0.331168831,1.0,2.0,73.36363636,16.0,2.8636,1
9.200000000000003,1.0,0.0,14.471122666515416,28.47005953649107,99.2847713605118,10.0,0.0,27.0,1.333333333,20.0,1.0,3.0,0.0,0.116710875,0.0,0.0,22.75862069,6.0,1.8276,0
8.700000000000003,1.0,0.0,16.974160848230472,24.665639016418858,70.18178771539684,23.0,0.0,24.0,1.333333333,20.0,1.0,5.0,0.0,0.150997151,0.0,0.0,13.37037037,4.0,1.2593,0
9.200000000000003,1.0,0.0,18.642852969373845,35.78625284432226,29.813132981850252,1.0,0.0,22.0,1.333333333,20.0,0.818181818,5.0,0.0,0.149350649,0.0,0.0,36.86206897,14.0,2.069,3
11.450000000000003,4.0,1.0543687554108025,13.63677660594373,32.27448005656329,193.47829907212054,4.0,0.0,29.0,1.333333333,20.0,1.0,1.0,0.644230769,0.22556391,1.0,1.0,20.71052632,18.0,1.8158,2
15.450000000000003,2.0,0.0,12.52431519184815,41.93185522290045,390.00167250364973,7.0,0.0,16.0,1.333333333,20.0,1.0,1.0,0.27777777800000003,0.205450734,0.0,0.0,27.7962963,5.0,1.2037,0
10.200000000000003,1.0,0.0,22.81458327223227,82.90253774675512,62.358405015097105,9.0,0.0,20.0,1.333333333,20.0,1.0,4.0,0.0,0.10955711,0.0,0.0,77.36363636,19.0,4.0,1
17.375,1.0,0.0,10.54660168317703,47.32019389925222,2.633747985954042,0.0,0.0,57.0,1.333333333,20.0,1.0,1.0,0.0,0.190862196,0.0,0.0,14.15254237,4.0,1.0339,0
13.950000000000003,1.0,0.0,12.246199838324255,33.73771871812953,38.57532160618594,3.0,0.0,39.0,1.333333333,20.0,1.0,5.0,0.0,0.147569444,0.0,0.0,13.77083333,6.0,1.625,1
15.700000000000003,1.0,0.0,16.417930141182683,37.834786970515,394.3827668158176,17.0,0.0,41.0,1.333333333,20.0,1.0,6.0,0.0,0.108932462,0.0,0.0,19.94545455,9.0,1.7091,1
18.200000000000003,1.0,0.7907765665581019,19.199083676421633,40.175968829020974,630.6489243648693,5.0,0.0,39.0,1.333333333,20.0,1.0,5.0,0.0,0.077591973,0.0,0.0,11.26153846,5.0,1.4,2
21.199999999999996,1.0,0.0,21.70212185813669,72.9525148481047,848.4518987412139,4.0,0.0,49.0,1.333333333,20.0,1.0,4.0,0.0,0.08755060699999999,0.0,0.0,30.8961039,11.0,1.9481,3
20.449999999999996,1.0,0.0,18.92096832289774,57.442185035502575,684.1608620349195,13.0,0.0,72.0,1.333333333,20.0,1.0,8.0,0.0,0.067567568,0.0,0.0,18.17567568,6.0,1.4189,1
26.69999999999999,1.0,0.0,25.873852160995114,87.5849014637671,1132.910093724112,31.0,0.0,73.0,1.333333333,20.0,1.0,9.0,0.0,0.090505768,1.0,1.0,28.05050505,21.0,2.202,3
20.449999999999996,1.0,0.0,31.158043877949126,49.54069626304489,694.1747918913031,44.0,0.0,70.0,1.333333333,20.0,0.894736842,12.0,0.0,0.055222603,0.0,0.0,13.86486486,11.0,1.2297,0
1.75,1.0,0.0,7.668692121143371,2.17059092925299,0.0,12.0,0.0,4.0,1.333333333,20.0,1.0,1.0,0.0,0.5,0.0,0.0,4.5,1.0,0.75,0
1.75,1.0,0.0,4.887538585904419,3.048534126192733,1.2517412320479564,0.0,0.0,4.0,1.333333333,20.0,1.0,1.0,0.0,0.5,0.0,0.0,4.75,1.0,0.75,0
2.0,1.0,0.26359218885270064,5.1656539394283145,4.51177278775897,1.2517412320479564,1.0,0.0,5.0,1.333333333,20.0,1.0,0.0,0.0,0.4,0.0,0.0,8.4,3.0,1.2,0
2.95,1.0,0.0,13.496961818284944,6.814127345310764,1.7863681991688285,5.0,0.0,2.0,1.333333333,20.0,0.5,1.0,0.0,0.833333333,0.0,0.0,13.0,2.0,0.75,0
1.75,1.0,0.0,7.390576767619476,5.68236371701196,1.2517412320479564,8.0,0.0,2.0,1.333333333,20.0,0.0,1.0,0.0,0.333333333,0.0,0.0,18.0,4.0,1.75,0
1.5,1.0,0.0,9.893614949334532,1.585295464626495,0.9388059240359672,19.0,0.0,3.0,1.333333333,20.0,0.0,0.0,0.0,0.583333333,0.0,0.0,0.0,1.0,1.0,0
2.0,1.0,0.0,7.946807474667266,9.779431969397425,2.503482464095913,2.0,0.0,4.0,1.333333333,20.0,0.5,1.0,0.0,0.342857143,0.0,0.0,26.6,1.0,0.8,0
2.95,1.0,0.7907765665581019,9.7431616566092,3.3023545575517943,1.6489552607712261,7.0,0.0,4.0,1.333333333,20.0,0.25,0.0,0.0,0.5,0.0,0.0,6.0,1.0,0.5,0
1.5,1.0,0.0,7.390576767619476,7.145602378578197,0.9388059240359672,0.0,0.0,3.0,1.333333333,20.0,0.0,0.0,0.0,0.4166666670000001,0.0,0.0,32.66666667,2.0,1.3333,0
3.625,1.0,0.0,3.5937178450796505,5.178920446144588,4.511359834025976,6.0,0.0,4.0,1.333333333,20.0,0.0,0.0,0.0,1.0,0.0,0.0,0.0,1.0,1.0,1
2.0,1.0,0.0,7.390576767619476,4.804420520072217,1.2517412320479564,8.0,0.0,3.0,1.333333333,20.0,1.0,1.0,0.0,0.25,0.0,0.0,13.2,1.0,0.6,0
2.0,1.0,0.0,4.887538585904419,7.145602378578197,2.503482464095913,1.0,0.0,5.0,1.333333333,20.0,1.0,0.0,0.0,0.4,0.0,0.0,18.2,1.0,0.6,0
2.0,1.0,0.0,4.609423232380524,7.145602378578197,3.129353080119891,1.0,0.0,3.0,1.333333333,20.0,1.0,0.0,0.0,0.2,0.0,0.0,19.2,2.0,1.0,0
2.0,1.0,0.0,6.278115353523895,8.316193307831188,1.2517412320479564,1.0,0.0,3.0,1.333333333,20.0,1.0,0.0,0.0,0.525,0.0,0.0,30.2,4.0,1.8,0
4.699999999999999,1.0,0.0,9.7431616566092,7.692070542250507,13.227561657214821,7.0,0.0,10.0,1.333333333,20.0,1.0,0.0,0.0,0.393939394,1.0,1.0,10.63636364,3.0,1.4545,0
2.45,2.0,0.0,10.021277010133094,2.717059092925299,1.6489552607712261,5.0,0.0,2.0,1.333333333,20.0,1.0,1.0,0.8,0.625,0.0,0.0,5.5,1.0,0.5,0
4.875,2.0,0.5271843777054013,3.8718331986035452,12.202466021662527,5.763101066073933,2.0,0.0,8.0,1.333333333,20.0,1.0,2.0,0.466666667,0.259259259,1.0,1.0,12.44444444,2.0,1.0,0
5.699999999999999,2.0,0.0,10.29939236365699,13.545025188515456,25.744973977694393,3.0,0.0,12.0,1.333333333,20.0,1.0,1.0,0.606060606,0.5,1.0,1.0,17.86666667,2.0,0.9333,0
6.199999999999999,3.0,0.0,11.968084484800361,24.665639016418858,27.935521133778316,0.0,0.0,15.0,1.333333333,20.0,1.0,0.0,0.698113208,0.254901961,1.0,1.0,22.82352941,6.0,1.2353,0
3.9499999999999993,5.0,0.0,10.85562307070478,11.203843330009477,7.281790804987031,0.0,0.0,7.0,1.333333333,20.0,1.0,0.0,0.936936937,0.5,1.0,2.0,17.25,2.0,1.0,0
8.200000000000003,4.0,0.0,12.802430545372046,23.20240035485262,64.23601686316906,1.0,0.0,18.0,1.333333333,20.0,1.0,0.0,0.736263736,0.38,0.0,0.0,25.32,13.0,1.92,1
2.2,1.0,0.0,9.7431616566092,2.1317636282988044,1.6489552607712261,5.0,0.0,1.0,1.333333333,20.0,0.0,0.0,0.0,1.0,0.0,0.0,0.0,1.0,1.0,0
2.2,1.0,0.0,9.7431616566092,2.1317636282988044,1.6489552607712261,5.0,0.0,1.0,1.333333333,20.0,0.0,0.0,0.0,1.0,0.0,0.0,0.0,1.0,1.0,0
2.2,1.0,0.0,9.186930949561408,2.1317636282988044,1.6489552607712261,5.0,0.0,1.0,1.333333333,20.0,0.0,0.0,0.0,1.0,0.0,0.0,0.0,1.0,1.0,0
2.2,1.0,0.0,10.021277010133094,2.1317636282988044,1.6489552607712261,6.0,0.0,1.0,1.333333333,20.0,0.0,0.0,0.0,1.0,0.0,0.0,0.0,1.0,1.0,0
2.2,1.0,0.0,10.021277010133094,2.1317636282988044,1.6489552607712261,6.0,0.0,1.0,1.333333333,20.0,0.0,0.0,0.0,1.0,0.0,0.0,0.0,1.0,1.0,0
2.2,1.0,0.0,9.7431616566092,2.1317636282988044,1.6489552607712261,6.0,0.0,1.0,1.333333333,20.0,0.0,0.0,0.0,1.0,0.0,0.0,0.0,1.0,1.0,0
2.2,1.0,0.0,9.7431616566092,2.1317636282988044,1.6489552607712261,6.0,0.0,1.0,1.333333333,20.0,0.0,0.0,0.0,1.0,0.0,0.0,0.0,1.0,1.0,0
1.5,1.0,0.0,7.390576767619476,1.585295464626495,0.9388059240359672,8.0,0.0,3.0,1.333333333,20.0,0.0,0.0,0.0,1.0,0.0,0.0,0.0,1.0,1.0,0
1.5,1.0,0.0,8.781153535238952,1.585295464626495,0.9388059240359672,15.0,0.0,3.0,1.333333333,20.0,0.0,0.0,0.0,1.0,0.0,0.0,0.0,1.0,1.0,0
1.25,1.0,0.0,9.615499595810636,1.2926477323132475,0.3129353080119891,19.0,0.0,2.0,1.333333333,20.0,0.0,0.0,0.0,1.0,0.0,0.0,0.0,1.0,1.0,0
3.875,5.0,0.0,3.5937178450796505,8.39804550159031,5.763101066073933,3.0,0.0,5.0,1.333333333,20.0,0.0,0.0,1.0,0.5,0.0,0.0,8.6,0.0,0.0,0
3.625,4.0,0.5271843777054013,3.3156024915557554,6.349511375397578,4.511359834025976,5.0,0.0,4.0,1.333333333,20.0,0.0,0.0,1.0,0.666666667,0.0,0.0,4.0,0.0,0.0,0
2.2,5.0,0.0,8.630700242513619,2.4244113606120514,1.6489552607712261,2.0,0.0,1.0,1.333333333,20.0,0.0,0.0,1.0,1.0,0.0,0.0,4.0,0.0,0.0,0
2.2,3.0,0.0,8.630700242513619,2.4244113606120514,1.6489552607712261,3.0,0.0,1.0,1.333333333,20.0,0.0,0.0,1.0,1.0,0.0,0.0,4.0,0.0,0.0,0
2.45,3.0,0.0,12.384500404189364,3.3023545575517943,1.7863681991688285,1.0,0.0,1.0,1.333333333,20.0,1.0,0.0,1.0,1.0,0.0,0.0,6.0,0.0,0.0,0
2.45,3.0,0.0,12.384500404189364,3.3023545575517943,1.7863681991688285,1.0,0.0,1.0,1.333333333,20.0,1.0,0.0,1.0,1.0,0.0,0.0,6.0,0.0,0.0,0
1.0,2.0,0.0,8.224922828191161,1.2926477323132475,0.0,13.0,0.0,1.0,1.333333333,20.0,0.0,0.0,1.0,1.0,0.0,0.0,3.0,0.0,0.0,0
2.45,1.0,0.0,9.186930949561408,2.4244113606120514,1.961890568783215,3.0,0.0,2.0,1.333333333,20.0,0.0,0.0,0.0,1.0,0.0,0.0,0.0,1.0,1.0,0
1.5,1.0,0.0,7.112461414095581,1.585295464626495,0.9388059240359672,7.0,0.0,3.0,1.333333333,20.0,0.0,0.0,0.0,1.0,0.0,0.0,0.0,1.0,1.0,0
1.0,1.0,0.0,6.8343460605716855,1.0,0.0,8.0,0.0,1.0,1.333333333,20.0,0.0,0.0,0.0,1.0,0.0,0.0,0.0,1.0,1.0,0
1.5,2.0,0.0,5.44376929295221,7.438250110891445,0.9388059240359672,1.0,0.0,0.0,1.333333333,20.0,0.0,1.0,0.933333333,1.0,2.0,2.0,30.33333333,3.0,1.0,0
11.75,1.0,0.0,8.721884646476106,32.87522141365079,48.38291919564432,3.0,0.0,8.0,1.333333333,20.0,0.0,0.0,0.0,0.458333333,0.0,0.0,0.0,1.0,1.0,0
7.200000000000001,1.0,1.3179609442635032,11.133738424228675,15.300911582394942,42.9564159183538,7.0,0.0,10.0,1.333333333,20.0,0.75,1.0,0.0,0.173160173,0.0,0.0,12.19047619,4.0,1.381,0
8.950000000000003,1.0,0.0,10.85562307070478,22.909752622539372,38.57532160618594,5.0,0.0,18.0,1.333333333,20.0,0.967741935,0.0,0.0,0.220238095,0.0,0.0,23.57142857,6.0,2.7143,1
4.2,1.0,0.0,8.727961009906217,13.356463583942226,4.831442558577438,17.0,0.0,6.0,1.333333333,20.0,0.0,0.0,0.0,0.37037037,0.0,0.0,0.0,1.0,1.0,0
4.699999999999999,1.0,0.0,8.908815596037513,7.984718274563754,5.717114264927084,1.0,0.0,11.0,1.333333333,20.0,0.5,0.0,0.0,0.340909091,0.0,0.0,5.0,1.0,0.8182,0
2.45,2.0,0.0,8.908815596037513,3.0097068252385464,1.961890568783215,2.0,0.0,2.0,1.333333333,20.0,0.0,0.0,0.857142857,0.666666667,0.0,0.0,4.0,1.0,0.5,0
4.699999999999999,1.0,0.0,10.85562307070478,14.715616117768448,16.982785353358693,8.0,0.0,8.0,1.333333333,20.0,0.5,0.0,0.0,0.233333333,0.0,0.0,23.63636364,8.0,1.5455,1
2.5,1.0,0.0,7.112461414095581,13.583852489469642,5.945770852227794,4.0,0.0,4.0,1.333333333,20.0,0.5,0.0,0.0,0.35416666700000005,0.0,0.0,48.42857143,1.0,0.7143,1
2.45,1.0,0.0,13.218846464761048,7.984718274563754,2.0993035071808173,3.0,0.0,1.0,1.333333333,20.0,0.0,0.0,0.0,0.5,0.0,0.0,71.0,10.0,5.0,0
2.0,1.0,0.0,8.781153535238952,19.72945486804784,3.129353080119891,1.0,0.0,4.0,1.333333333,20.0,0.0,0.0,0.0,0.3,0.0,0.0,118.6,2.0,1.0,0
7.700000000000001,2.0,0.0,49.51365721052622,21.446513960973135,75.18875264358866,147.0,0.0,20.0,1.333333333,20.0,0.75,1.0,0.28,0.28030303,1.0,1.0,26.86956522,9.0,1.8696,1
6.950000000000001,1.0,0.0,37.276581655474814,15.008263850081693,58.60318131895325,103.0,0.0,17.0,1.333333333,20.0,0.28571428600000004,1.0,0.0,0.144736842,0.0,0.0,4.85,2.0,0.95,0
9.700000000000003,1.0,0.0,34.77354347375976,10.911195597696228,147.16387348634612,84.0,0.0,31.0,1.333333333,20.0,0.0,0.0,0.0,0.132258065,0.0,0.0,0.0,1.0,1.0,0
8.200000000000003,1.0,0.0,25.03950610042343,9.155309203816744,95.52954766436795,55.0,0.0,25.0,1.333333333,20.0,0.0,0.0,0.0,0.29600000000000004,0.0,0.0,0.0,1.0,1.0,0
8.950000000000003,1.0,0.0,16.696045494706578,25.836229945671846,118.68676045725513,26.0,0.0,24.0,1.333333333,20.0,0.166666667,0.0,0.0,0.226337449,0.0,0.0,31.64285714,23.0,2.6786,2
10.200000000000003,2.0,0.0,16.974160848230472,15.008263850081693,123.69372538544695,26.0,0.0,32.0,1.333333333,20.0,0.8125,1.0,0.0625,0.163194444,0.0,0.0,9.121212121000001,4.0,1.0303,0
6.700000000000001,1.0,0.26359218885270064,16.696045494706578,10.325900133069734,35.13303321805407,29.0,0.0,19.0,1.333333333,20.0,0.875,3.0,0.0,0.195488722,0.0,0.0,8.368421052999999,5.0,1.2105,1
12.5,1.0,0.0,12.893614949334532,35.216403272156775,49.32172511968029,21.0,0.0,8.0,1.333333333,20.0,0.833333333,3.0,0.0,0.26,0.0,0.0,5.454545455,1.0,0.8182,0
4.0,1.0,0.0,10.449845656382323,9.486784237084176,0.0,15.0,0.0,11.0,1.333333333,20.0,0.333333333,0.0,0.0,0.28571428600000004,0.0,0.0,19.30769231,7.0,2.3077,0
4.449999999999999,1.0,0.0,11.968084484800361,4.765593219118031,15.731044121310735,12.0,0.0,10.0,1.333333333,20.0,0.0,0.0,0.0,0.3666666670000001,0.0,0.0,0.0,1.0,1.0,0
6.700000000000001,1.0,0.0,10.021277010133094,7.39942280993726,55.16089293082136,8.0,0.0,19.0,1.333333333,20.0,0.0,0.0,0.0,0.421052632,0.0,0.0,0.0,1.0,1.0,0
8.200000000000003,1.0,0.0,10.021277010133094,28.177411804177822,36.697709758114016,4.0,0.0,21.0,1.333333333,20.0,0.35714285700000004,1.0,0.0,0.239583333,0.0,0.0,44.84,29.0,2.96,0
5.949999999999999,1.0,0.0,15.305468727087103,37.834786970515,39.201192222209926,5.0,0.0,2.0,1.333333333,20.0,0.0,0.0,0.0,0.204545455,0.0,0.0,114.6875,20.0,5.9375,0
3.0,1.0,0.0,10.449845656382323,34.947136948336706,11.265671088431606,1.0,0.0,3.0,1.333333333,20.0,0.0,0.0,0.0,0.476190476,0.0,0.0,133.2222222,16.0,4.6667,0
5.199999999999999,1.0,0.0,15.861699434134893,45.15098027834618,26.05790928570638,0.0,0.0,1.0,1.333333333,20.0,0.333333333,0.0,0.0,0.192307692,0.0,0.0,107.0,8.0,2.3077,1
8.125,2.0,0.0,6.374871380318602,21.274545723373194,2.633747985954042,1.0,0.0,22.0,1.333333333,20.0,0.6,2.0,0.752941176,0.162878788,1.0,3.0,14.86363636,3.0,1.4091,0
2.0,3.0,0.0,5.1656539394283145,5.097068252385466,3.129353080119891,1.0,0.0,4.0,1.333333333,20.0,0.0,0.0,0.7857142859999999,0.5,0.0,0.0,9.0,1.0,0.6,0
3.2,3.0,0.0,12.662615757713258,4.472945486804783,2.4122388151928065,1.0,0.0,5.0,1.333333333,20.0,0.8,0.0,0.7777777779999999,0.333333333,0.0,0.0,10.2,1.0,0.8,0
2.45,3.0,0.0,12.940731111237152,3.887650022178289,2.0993035071808173,1.0,0.0,2.0,1.333333333,20.0,0.0,0.0,0.9375,0.625,0.0,0.0,8.0,1.0,0.5,0
2.45,3.0,0.0,13.218846464761048,3.887650022178289,2.0993035071808173,2.0,0.0,2.0,1.333333333,20.0,0.0,0.0,0.9375,0.625,0.0,0.0,8.0,1.0,0.5,0
9.950000000000003,3.0,4.481067210495912,16.974160848230472,26.421525410298344,148.72855002640608,17.0,0.0,8.0,1.333333333,20.0,0.6,0.0,0.552238806,0.25,0.0,0.0,19.78125,5.0,1.7188,0
16.200000000000003,2.0,0.26359218885270064,23.370813979280058,72.65986711579143,472.30365851080296,8.0,0.0,27.0,1.333333333,20.0,0.7857142859999999,3.0,0.537815126,0.113945578,2.0,5.0,43.49122807,9.0,2.0351,2
11.200000000000003,4.0,0.0,12.246199838324255,33.44507098581629,163.1235741949576,0.0,0.0,29.0,1.333333333,20.0,0.928571429,0.0,0.650485437,0.16953317,2.0,3.0,29.16216216,5.0,1.6486,0
11.200000000000003,4.0,0.0,13.080545898895942,33.15242325350303,166.25292727507747,0.0,0.0,30.0,1.333333333,20.0,0.933333333,0.0,0.650485437,0.32972973,2.0,3.0,16.40540541,3.0,1.027,0
10.700000000000003,4.0,0.0,12.246199838324255,31.98183232425005,135.89820239791453,0.0,0.0,28.0,1.333333333,20.0,0.933333333,1.0,0.663366337,0.314285714,2.0,4.0,22.11428571,2.0,1.0,1
11.200000000000003,6.0,0.0,15.027353373563207,36.956843773575244,180.022080827605,2.0,0.0,24.0,1.333333333,20.0,0.666666667,0.0,0.8252427179999999,0.12012012,4.0,18.0,29.10810811,9.0,2.5676,2
7.875,3.0,0.0,3.03748713803186,19.811307061806957,2.633747985954042,0.0,0.0,19.0,1.333333333,20.0,0.5,1.0,0.660714286,0.375,1.0,1.0,9.80952381,2.0,1.0,0
5.199999999999999,6.0,0.0,14.749238020039313,22.031809425599626,26.05790928570638,1.0,0.0,12.0,1.333333333,20.0,0.0,0.0,0.945273632,0.174825175,4.0,7.0,31.30769231,4.0,1.2308,0
13.700000000000003,4.0,0.0,11.968084484800361,33.44507098581629,272.3379966911418,1.0,0.0,45.0,1.333333333,20.0,1.0,0.0,0.592920354,0.221884498,2.0,4.0,17.63829787,3.0,1.0426,0
5.449999999999999,5.0,0.0,13.358661252419836,32.56712778887653,24.493232745646438,0.0,0.0,7.0,1.333333333,20.0,1.0,0.0,0.8888888890000001,0.207792208,3.0,6.0,43.35714286,7.0,1.5714,0
3.9499999999999993,6.0,0.0,9.465046303085304,13.837672920828705,8.533532037034986,0.0,0.0,5.0,1.333333333,20.0,1.0,0.0,0.938053097,0.40625,2.0,2.0,24.375,5.0,1.75,0
3.2,6.0,0.0,13.218846464761048,8.862661471503497,2.4122388151928065,0.0,0.0,5.0,1.333333333,20.0,1.0,0.0,0.963636364,0.7,2.0,2.0,16.2,1.0,0.8,0
