['camel_Base', 0.13736263736263737, 0.06451612903225806, 0.12857142857142856, 0.15760869565217392, 0.1658291457286432, 0.14754098360655737, 0.08196721311475409, 0.06951871657754011, 0.07425742574257425, 0.10112359550561797, 0.1485148514851485, 0.1319796954314721]
['camel_0.25', 0.2019704433497537, 0.35467980295566504, 0.46733668341708545, 0.2315270935960591, 0.3435897435897436, 0.41237113402061853, 0.36548223350253806, 0.323943661971831, 0.2557077625570776, 0.4682926829268293, 0.4166666666666667, 0.3157894736842105]
['camel_0.5', 0.4708994708994709, 0.4166666666666667, 0.5, 0.42487046632124353, 0.5119617224880383, 0.35, 0.6311111111111111, 0.4975845410628019, 0.43137254901960786, 0.3157894736842105, 0.5194174757281553, 0.41711229946524064]
['camel_0.75', 0.6782178217821783, 0.42028985507246375, 0.5314009661835749, 0.6203208556149733, 0.5333333333333333, 0.463768115942029, 0.5248868778280543, 0.4484536082474227, 0.7526881720430108, 0.5, 0.33668341708542715, 0.6065573770491803]
['camel_0.25_w', 0.41624365482233505, 0.20297029702970298, 0.28431372549019607, 0.3282828282828283, 0.2962962962962963, 0.3791208791208791, 0.4792626728110599, 0.1891891891891892, 0.37948717948717947, 0.37948717948717947, 0.3415841584158416, 0.29797979797979796]
['camel_0.5_w', 0.5970149253731343, 0.38071065989847713, 0.44329896907216493, 0.2879581151832461, 0.5026737967914439, 0.4097560975609756, 0.47549019607843135, 0.5025906735751295, 0.27722772277227725, 0.2524752475247525, 0.4720812182741117, 0.5323383084577115]
['camel_0.75_w', 0.43157894736842106, 0.3696682464454976, 0.411214953271028, 0.4166666666666667, 0.4925373134328358, 0.5441176470588235, 0.3681592039800995, 0.43902439024390244, 0.5852272727272727, 0.5431472081218274, 0.5560975609756098, 0.5714285714285714]
['camel_0.25_w_iP(25%)', 0.234375, 0.18, 0.23204419889502761, 0.12935323383084577, 0.22115384615384615, 0.15873015873015872, 0.2153846153846154, 0.09, 0.11229946524064172, 0.1497584541062802, 0.20603015075376885, 0.2356020942408377]
['camel_0.25_w_iP(50%)', 0.18719211822660098, 0.13612565445026178, 0.19402985074626866, 0.2736318407960199, 0.15706806282722513, 0.1407766990291262, 0.18571428571428572, 0.15384615384615385, 0.17391304347826086, 0.20398009950248755, 0.1813953488372093, 0.20398009950248755]
['camel_0.25_w_iP(75%)', 0.31155778894472363, 0.30808080808080807, 0.24752475247524752, 0.19138755980861244, 0.2912621359223301, 0.3891625615763547, 0.18232044198895028, 0.31, 0.3333333333333333, 0.24285714285714285, 0.28078817733990147, 0.472636815920398]
['camel_0.5_w_iP(25%)', 0.21468926553672316, 0.18660287081339713, 0.2315270935960591, 0.12169312169312169, 0.35148514851485146, 0.2774869109947644, 0.26256983240223464, 0.255, 0.2153846153846154, 0.10326086956521739, 0.20408163265306123, 0.29949238578680204]
['camel_0.5_w_iP(50%)', 0.09134615384615384, 0.29850746268656714, 0.26804123711340205, 0.3235294117647059, 0.3299492385786802, 0.23834196891191708, 0.4630541871921182, 0.30845771144278605, 0.21568627450980393, 0.21164021164021163, 0.2898550724637681, 0.3269230769230769]
['camel_0.5_w_iP(75%)', 0.36666666666666664, 0.5076923076923077, 0.29523809523809524, 0.47668393782383417, 0.33163265306122447, 0.47191011235955055, 0.29850746268656714, 0.4019607843137255, 0.328125, 0.23529411764705882, 0.5440414507772021, 0.2512315270935961]
['camel_0.75_w_iP(25%)', 0.20476190476190476, 0.22926829268292684, 0.263681592039801, 0.2422680412371134, 0.3872549019607843, 0.3229166666666667, 0.1958762886597938, 0.20218579234972678, 0.20103092783505155, 0.30612244897959184, 0.3015075376884422, 0.18421052631578946]
['camel_0.75_w_iP(50%)', 0.17326732673267325, 0.37727272727272726, 0.19072164948453607, 0.29473684210526313, 0.44976076555023925, 0.3251231527093596, 0.3592233009708738, 0.2564102564102564, 0.3181818181818182, 0.1712707182320442, 0.20388349514563106, 0.30939226519337015]
['camel_0.75_w_iP(75%)', 0.5102040816326531, 0.4387755102040816, 0.5778894472361809, 0.4789473684210526, 0.5647668393782384, 0.592391304347826, 0.5901639344262295, 0.36231884057971014, 0.3444976076555024, 0.5544041450777202, 0.4712041884816754, 0.3333333333333333]
['camel_0.25_iP(25%)', 0.2205128205128205, 0.19689119170984457, 0.12790697674418605, 0.06735751295336788, 0.23039215686274508, 0.2549019607843137, 0.1368421052631579, 0.14871794871794872, 0.11917098445595854, 0.08866995073891626, 0.13861386138613863, 0.18719211822660098]
['camel_0.25_iP(50%)', 0.1330049261083744, 0.29743589743589743, 0.11917098445595854, 0.203125, 0.1875, 0.14893617021276595, 0.22705314009661837, 0.22959183673469388, 0.37185929648241206, 0.29239766081871343, 0.1956521739130435, 0.18226600985221675]
['camel_0.25_iP(75%)', 0.2914572864321608, 0.3316062176165803, 0.28426395939086296, 0.2376237623762376, 0.23834196891191708, 0.3048128342245989, 0.35148514851485146, 0.26424870466321243, 0.2717948717948718, 0.24378109452736318, 0.2708333333333333, 0.3686868686868687]
['camel_0.5_iP(25%)', 0.23157894736842105, 0.2964824120603015, 0.23316062176165803, 0.1596244131455399, 0.3096446700507614, 0.26881720430107525, 0.29081632653061223, 0.2702702702702703, 0.2663316582914573, 0.3798076923076923, 0.1875, 0.1693121693121693]
['camel_0.5_iP(50%)', 0.2692307692307692, 0.17766497461928935, 0.27932960893854747, 0.35784313725490197, 0.4427860696517413, 0.21717171717171718, 0.3439153439153439, 0.2857142857142857, 0.49230769230769234, 0.2916666666666667, 0.33, 0.26804123711340205]
['camel_0.5_iP(75%)', 0.34554973821989526, 0.335, 0.3891625615763547, 0.3170731707317073, 0.5072463768115942, 0.2275132275132275, 0.38349514563106796, 0.3763440860215054, 0.3507853403141361, 0.36363636363636365, 0.3217821782178218, 0.3862433862433862]
['camel_0.75_iP(25%)', 0.32195121951219513, 0.28272251308900526, 0.3802083333333333, 0.38, 0.20100502512562815, 0.15816326530612246, 0.21311475409836064, 0.32653061224489793, 0.24444444444444444, 0.2894736842105263, 0.2755102040816326, 0.2537313432835821]
['camel_0.75_iP(50%)', 0.24, 0.2548076923076923, 0.37823834196891193, 0.2916666666666667, 0.22872340425531915, 0.3136094674556213, 0.1507537688442211, 0.18627450980392157, 0.23232323232323232, 0.328042328042328, 0.4734042553191489, 0.2578947368421053]
['camel_0.75_iP(75%)', 0.6502463054187192, 0.5181347150259067, 0.3867403314917127, 0.4256410256410256, 0.32019704433497537, 0.29292929292929293, 0.395, 0.17616580310880828, 0.587378640776699, 0.33678756476683935, 0.425531914893617, 0.5441176470588235]
