['log4j_Base', 0.06382978723404255, 0.0784313725490196, 0.061224489795918366, 0.04081632653061224, 0.0392156862745098, 0.08163265306122448, 0.0784313725490196, 0.07692307692307693, 0.17307692307692307, 0.02, 0.0392156862745098, 0.09615384615384616]
['log4j_0.25', 0.11764705882352941, 0.3617021276595745, 0.24, 0.2653061224489796, 0.1568627450980392, 0.21568627450980393, 0.36538461538461536, 0.2978723404255319, 0.2, 0.21153846153846154, 0.2765957446808511, 0.11764705882352941]
['log4j_0.5', 0.43137254901960786, 0.1875, 0.38, 0.4230769230769231, 0.32, 0.391304347826087, 0.34615384615384615, 0.3673469387755102, 0.2857142857142857, 0.29411764705882354, 0.4, 0.16666666666666666]
['log4j_0.75', 0.5490196078431373, 0.52, 0.2692307692307692, 0.35294117647058826, 0.3617021276595745, 0.5416666666666666, 0.2, 0.16, 0.42, 0.3, 0.34, 0.43137254901960786]
['log4j_0.25_w', 0.14, 0.24, 0.29411764705882354, 0.2549019607843137, 0.2857142857142857, 0.18, 0.28, 0.5348837209302325, 0.32, 0.22448979591836735, 0.21568627450980393, 0.32]
['log4j_0.5_w', 0.4423076923076923, 0.3125, 0.35294117647058826, 0.34, 0.45098039215686275, 0.3137254901960784, 0.5208333333333334, 0.24489795918367346, 0.2, 0.24, 0.24489795918367346, 0.34]
['log4j_0.75_w', 0.19607843137254902, 0.3333333333333333, 0.4583333333333333, 0.5625, 0.42, 0.2391304347826087, 0.3541666666666667, 0.3673469387755102, 0.5510204081632653, 0.3673469387755102, 0.4117647058823529, 0.19607843137254902]
['log4j_0.25_w_iP(25%)', 0.1, 0.24, 0.1276595744680851, 0.09803921568627451, 0.1836734693877551, 0.14583333333333334, 0.13725490196078433, 0.3137254901960784, 0.17647058823529413, 0.20408163265306123, 0.17307692307692307, 0.16]
['log4j_0.25_w_iP(50%)', 0.26, 0.18, 0.22448979591836735, 0.2222222222222222, 0.2857142857142857, 0.2, 0.30612244897959184, 0.3, 0.22448979591836735, 0.19148936170212766, 0.22, 0.12244897959183673]
['log4j_0.25_w_iP(75%)', 0.16, 0.41304347826086957, 0.3076923076923077, 0.19230769230769232, 0.16, 0.23076923076923078, 0.22448979591836735, 0.42, 0.20408163265306123, 0.22, 0.18, 0.2549019607843137]
['log4j_0.5_w_iP(25%)', 0.2549019607843137, 0.3137254901960784, 0.25, 0.2127659574468085, 0.26, 0.3404255319148936, 0.3, 0.24489795918367346, 0.21568627450980393, 0.2653061224489796, 0.22448979591836735, 0.12]
['log4j_0.5_w_iP(50%)', 0.3018867924528302, 0.40816326530612246, 0.2857142857142857, 0.3, 0.3333333333333333, 0.2765957446808511, 0.21568627450980393, 0.3269230769230769, 0.4782608695652174, 0.33962264150943394, 0.3333333333333333, 0.3076923076923077]
['log4j_0.5_w_iP(75%)', 0.27450980392156865, 0.20754716981132076, 0.28846153846153844, 0.1836734693877551, 0.2857142857142857, 0.14285714285714285, 0.391304347826087, 0.3829787234042553, 0.18, 0.2692307692307692, 0.2, 0.4489795918367347]
['log4j_0.75_w_iP(25%)', 0.18867924528301888, 0.25, 0.27450980392156865, 0.23076923076923078, 0.21568627450980393, 0.3469387755102041, 0.1346153846153846, 0.24489795918367346, 0.28, 0.4, 0.25, 0.32653061224489793]
['log4j_0.75_w_iP(50%)', 0.4090909090909091, 0.20408163265306123, 0.42857142857142855, 0.21568627450980393, 0.46, 0.16, 0.1568627450980392, 0.4583333333333333, 0.3404255319148936, 0.32653061224489793, 0.44, 0.24489795918367346]
['log4j_0.75_w_iP(75%)', 0.1, 0.28846153846153844, 0.5918367346938775, 0.28, 0.6274509803921569, 0.44680851063829785, 0.43137254901960786, 0.5217391304347826, 0.3695652173913043, 0.38461538461538464, 0.27450980392156865, 0.34]
['log4j_0.25_iP(25%)', 0.18, 0.26, 0.16, 0.25, 0.10204081632653061, 0.23076923076923078, 0.17647058823529413, 0.08333333333333333, 0.19148936170212766, 0.1568627450980392, 0.20408163265306123, 0.16]
['log4j_0.25_iP(50%)', 0.2692307692307692, 0.28846153846153844, 0.3673469387755102, 0.22, 0.2916666666666667, 0.39215686274509803, 0.22, 0.3333333333333333, 0.3137254901960784, 0.08163265306122448, 0.38, 0.2857142857142857]
['log4j_0.25_iP(75%)', 0.22448979591836735, 0.27450980392156865, 0.22916666666666666, 0.2549019607843137, 0.28846153846153844, 0.20833333333333334, 0.44680851063829785, 0.23076923076923078, 0.36538461538461536, 0.2916666666666667, 0.16326530612244897, 0.19607843137254902]
['log4j_0.5_iP(25%)', 0.17647058823529413, 0.22448979591836735, 0.16666666666666666, 0.1836734693877551, 0.26, 0.2765957446808511, 0.22, 0.2692307692307692, 0.20408163265306123, 0.23529411764705882, 0.23076923076923078, 0.29411764705882354]
['log4j_0.5_iP(50%)', 0.24, 0.20408163265306123, 0.29411764705882354, 0.23529411764705882, 0.29411764705882354, 0.2857142857142857, 0.48, 0.22, 0.30612244897959184, 0.19607843137254902, 0.45652173913043476, 0.24489795918367346]
['log4j_0.5_iP(75%)', 0.5306122448979592, 0.3, 0.27450980392156865, 0.3, 0.2857142857142857, 0.5294117647058824, 0.42, 0.24489795918367346, 0.32653061224489793, 0.30612244897959184, 0.15384615384615385, 0.3409090909090909]
['log4j_0.75_iP(25%)', 0.18, 0.28846153846153844, 0.22916666666666666, 0.3, 0.27450980392156865, 0.36, 0.32, 0.425531914893617, 0.17391304347826086, 0.14285714285714285, 0.24528301886792453, 0.18]
['log4j_0.75_iP(50%)', 0.4375, 0.4489795918367347, 0.18, 0.4, 0.22916666666666666, 0.5102040816326531, 0.20833333333333334, 0.44680851063829785, 0.44, 0.3137254901960784, 0.3137254901960784, 0.5192307692307693]
['log4j_0.75_iP(75%)', 0.2641509433962264, 0.3, 0.3137254901960784, 0.47058823529411764, 0.34, 0.32075471698113206, 0.14, 0.24489795918367346, 0.24, 0.45098039215686275, 0.34, 0.22]
