['poi_Base', 0.18439716312056736, 0.21428571428571427, 0.41578947368421054, 0.13725490196078433, 0.06097560975609756, 0.2383177570093458, 0.2742857142857143, 0.2641509433962264, 0.1048951048951049, 0.10273972602739725, 0.16167664670658682, 0.09497206703910614]
['poi_0.25', 0.11173184357541899, 0.4578313253012048, 0.3202247191011236, 0.2, 0.2582781456953642, 0.61875, 0.14606741573033707, 0.4034090909090909, 0.26666666666666666, 0.5494505494505495, 0.1912568306010929, 0.3503184713375796]
['poi_0.5', 0.3488372093023256, 0.20540540540540542, 0.5573770491803278, 0.18719211822660098, 0.40476190476190477, 0.5978835978835979, 0.5165562913907285, 0.4375, 0.6763005780346821, 0.3373493975903614, 0.5414634146341464, 0.5634920634920635]
['poi_0.75', 0.3036649214659686, 0.3546511627906977, 0.7747252747252747, 0.7181208053691275, 0.6810810810810811, 0.3355263157894737, 0.7204301075268817, 0.6014492753623188, 0.7073170731707317, 0.5972222222222222, 0.5948717948717949, 0.42771084337349397]
['poi_0.25_w', 0.2804232804232804, 0.1686046511627907, 0.22105263157894736, 0.16470588235294117, 0.3782051282051282, 0.36257309941520466, 0.4946236559139785, 0.2375, 0.1956521739130435, 0.32894736842105265, 0.36363636363636365, 0.25824175824175827]
['poi_0.5_w', 0.43125, 0.6421052631578947, 0.42138364779874216, 0.4090909090909091, 0.55, 0.4583333333333333, 0.44021739130434784, 0.4117647058823529, 0.1261682242990654, 0.44242424242424244, 0.30601092896174864, 0.5514705882352942]
['poi_0.75_w', 0.2972972972972973, 0.40993788819875776, 0.6614583333333334, 0.17791411042944785, 0.5303030303030303, 0.29878048780487804, 0.5666666666666667, 0.4052863436123348, 0.64, 0.8495575221238938, 0.545, 0.44571428571428573]
['poi_0.25_w_iP(25%)', 0.11515151515151516, 0.2631578947368421, 0.09047619047619047, 0.1079136690647482, 0.14857142857142858, 0.1103448275862069, 0.14960629921259844, 0.2709677419354839, 0.07291666666666667, 0.0502283105022831, 0.13636363636363635, 0.12213740458015267]
['poi_0.25_w_iP(50%)', 0.29333333333333333, 0.1907514450867052, 0.096045197740113, 0.11794871794871795, 0.15172413793103448, 0.3157894736842105, 0.07476635514018691, 0.16042780748663102, 0.13793103448275862, 0.07692307692307693, 0.0962566844919786, 0.12234042553191489]
['poi_0.25_w_iP(75%)', 0.23295454545454544, 0.10091743119266056, 0.14871794871794872, 0.16666666666666666, 0.375, 0.324468085106383, 0.467005076142132, 0.48466257668711654, 0.28, 0.3464052287581699, 0.21844660194174756, 0.38509316770186336]
['poi_0.5_w_iP(25%)', 0.20574162679425836, 0.27450980392156865, 0.14210526315789473, 0.10714285714285714, 0.22297297297297297, 0.02877697841726619, 0.285, 0.07878787878787878, 0.3092105263157895, 0.4358974358974359, 0.04395604395604396, 0.1875]
['poi_0.5_w_iP(50%)', 0.40414507772020725, 0.2753623188405797, 0.2847222222222222, 0.14728682170542637, 0.29777777777777775, 0.13636363636363635, 0.20408163265306123, 0.10897435897435898, 0.28654970760233917, 0.2671232876712329, 0.38596491228070173, 0.24193548387096775]
['poi_0.5_w_iP(75%)', 0.3131868131868132, 0.21621621621621623, 0.11764705882352941, 0.23595505617977527, 0.17391304347826086, 0.2925531914893617, 0.2598870056497175, 0.48148148148148145, 0.2972972972972973, 0.39880952380952384, 0.44696969696969696, 0.4827586206896552]
['poi_0.75_w_iP(25%)', 0.14492753623188406, 0.2937062937062937, 0.30198019801980197, 0.21621621621621623, 0.13125, 0.19463087248322147, 0.2571428571428571, 0.21081081081081082, 0.13368983957219252, 0.037037037037037035, 0.15606936416184972, 0.13471502590673576]
['poi_0.75_w_iP(50%)', 0.28, 0.3987730061349693, 0.24342105263157895, 0.36764705882352944, 0.49765258215962443, 0.14285714285714285, 0.2911392405063291, 0.26993865030674846, 0.24528301886792453, 0.05194805194805195, 0.16477272727272727, 0.5683453237410072]
['poi_0.75_w_iP(75%)', 0.24598930481283424, 0.4, 0.34594594594594597, 0.15048543689320387, 0.6197183098591549, 0.3067484662576687, 0.5147058823529411, 0.6363636363636364, 0.24867724867724866, 0.21348314606741572, 0.47368421052631576, 0.2958579881656805]
['poi_0.25_iP(25%)', 0.022988505747126436, 0.23963133640552994, 0.2569832402234637, 0.08588957055214724, 0.08673469387755102, 0.25943396226415094, 0.23115577889447236, 0.24358974358974358, 0.11061946902654868, 0.09340659340659341, 0.17105263157894737, 0.28225806451612906]
['poi_0.25_iP(50%)', 0.4207650273224044, 0.16666666666666666, 0.0875, 0.29493087557603687, 0.23923444976076555, 0.19863013698630136, 0.17073170731707318, 0.4329896907216495, 0.16149068322981366, 0.06629834254143646, 0.42424242424242425, 0.11695906432748537]
['poi_0.25_iP(75%)', 0.2748091603053435, 0.47101449275362317, 0.26842105263157895, 0.40641711229946526, 0.28, 0.20915032679738563, 0.33532934131736525, 0.2748091603053435, 0.2848101265822785, 0.14912280701754385, 0.3148148148148148, 0.16744186046511628]
['poi_0.5_iP(25%)', 0.13380281690140844, 0.22981366459627328, 0.3485714285714286, 0.44285714285714284, 0.14130434782608695, 0.16770186335403728, 0.26595744680851063, 0.2709677419354839, 0.0972972972972973, 0.12162162162162163, 0.21578947368421053, 0.23684210526315788]
['poi_0.5_iP(50%)', 0.19883040935672514, 0.34810126582278483, 0.2654320987654321, 0.2839506172839506, 0.2356687898089172, 0.4318181818181818, 0.43564356435643564, 0.2923076923076923, 0.22404371584699453, 0.3314285714285714, 0.40641711229946526, 0.20245398773006135]
['poi_0.5_iP(75%)', 0.44966442953020136, 0.6232876712328768, 0.45454545454545453, 0.2751677852348993, 0.25477707006369427, 0.46060606060606063, 0.34705882352941175, 0.33070866141732286, 0.2783018867924528, 0.41420118343195267, 0.45294117647058824, 0.3684210526315789]
['poi_0.75_iP(25%)', 0.4, 0.6837606837606838, 0.2964824120603015, 0.12021857923497267, 0.41530054644808745, 0.291044776119403, 0.21951219512195122, 0.25, 0.37988826815642457, 0.27586206896551724, 0.15463917525773196, 0.271523178807947]
['poi_0.75_iP(50%)', 0.18660287081339713, 0.15789473684210525, 0.42857142857142855, 0.13636363636363635, 0.14705882352941177, 0.19875776397515527, 0.25609756097560976, 0.28426395939086296, 0.5159235668789809, 0.18181818181818182, 0.5284090909090909, 0.26865671641791045]
['poi_0.75_iP(75%)', 0.4017467248908297, 0.35294117647058826, 0.30726256983240224, 0.5204081632653061, 0.17676767676767677, 0.23469387755102042, 0.2, 0.39552238805970147, 0.6553398058252428, 0.09444444444444444, 0.2967032967032967, 0.7222222222222222]
