['xerces_Base', 0.031578947368421054, 0.13020833333333334, 0.08290155440414508, 0.10194174757281553, 0.04854368932038835, 0.07386363636363637, 0.03349282296650718, 0.165, 0.05188679245283019, 0.07804878048780488, 0.009900990099009901, 0.03286384976525822]
['xerces_0.25', 0.4714285714285714, 0.4212962962962963, 0.2983425414364641, 0.41237113402061853, 0.21495327102803738, 0.42408376963350786, 0.3712871287128713, 0.26288659793814434, 0.2513089005235602, 0.2935323383084577, 0.26903553299492383, 0.12921348314606743]
['xerces_0.5', 0.46464646464646464, 0.4945054945054945, 0.46551724137931033, 0.38497652582159625, 0.31843575418994413, 0.4020618556701031, 0.4, 0.5841121495327103, 0.1782178217821782, 0.32989690721649484, 0.47706422018348627, 0.3793103448275862]
['xerces_0.75', 0.6565656565656566, 0.3425414364640884, 0.7309644670050761, 0.4117647058823529, 0.5271739130434783, 0.569377990430622, 0.32323232323232326, 0.5662100456621004, 0.6445497630331753, 0.5922330097087378, 0.6954314720812182, 0.6988636363636364]
['xerces_0.25_w', 0.2879581151832461, 0.2916666666666667, 0.23783783783783785, 0.2756756756756757, 0.15135135135135136, 0.37823834196891193, 0.275, 0.30177514792899407, 0.4248927038626609, 0.37640449438202245, 0.43023255813953487, 0.271356783919598]
['xerces_0.5_w', 0.5232558139534884, 0.2544642857142857, 0.3005181347150259, 0.4426229508196721, 0.4433497536945813, 0.6346153846153846, 0.5604395604395604, 0.4873096446700508, 0.43315508021390375, 0.42473118279569894, 0.27638190954773867, 0.5815217391304348]
['xerces_0.75_w', 0.6187845303867403, 0.5082872928176796, 0.675392670157068, 0.4927536231884058, 0.5707317073170731, 0.6067415730337079, 0.4930232558139535, 0.484375, 0.5396825396825397, 0.6354679802955665, 0.23902439024390243, 0.3]
['xerces_0.25_w_iP(25%)', 0.13043478260869565, 0.16071428571428573, 0.2222222222222222, 0.1437125748502994, 0.027777777777777776, 0.16113744075829384, 0.05172413793103448, 0.17326732673267325, 0.2318840579710145, 0.2923076923076923, 0.11057692307692307, 0.305]
['xerces_0.25_w_iP(50%)', 0.15789473684210525, 0.30456852791878175, 0.3076923076923077, 0.1694915254237288, 0.1553398058252427, 0.3176470588235294, 0.24867724867724866, 0.2722772277227723, 0.20833333333333334, 0.13934426229508196, 0.15492957746478872, 0.08955223880597014]
['xerces_0.25_w_iP(75%)', 0.28, 0.17679558011049723, 0.32954545454545453, 0.26063829787234044, 0.2127659574468085, 0.24056603773584906, 0.1837837837837838, 0.40540540540540543, 0.40119760479041916, 0.32098765432098764, 0.37254901960784315, 0.4424778761061947]
['xerces_0.5_w_iP(25%)', 0.12727272727272726, 0.33513513513513515, 0.19158878504672897, 0.22459893048128343, 0.32160804020100503, 0.21559633027522937, 0.08837209302325581, 0.23369565217391305, 0.17714285714285713, 0.3645320197044335, 0.27325581395348836, 0.12087912087912088]
['xerces_0.5_w_iP(50%)', 0.25396825396825395, 0.25925925925925924, 0.4068627450980392, 0.3333333333333333, 0.266304347826087, 0.2761904761904762, 0.4955357142857143, 0.3300970873786408, 0.28110599078341014, 0.2789473684210526, 0.13548387096774195, 0.44607843137254904]
['xerces_0.5_w_iP(75%)', 0.2546583850931677, 0.3119266055045872, 0.39, 0.45161290322580644, 0.3793103448275862, 0.21076233183856502, 0.29081632653061223, 0.5176470588235295, 0.415, 0.29411764705882354, 0.445, 0.31718061674008813]
['xerces_0.75_w_iP(25%)', 0.05759162303664921, 0.2658959537572254, 0.05825242718446602, 0.2403846153846154, 0.3768844221105528, 0.1837837837837838, 0.2857142857142857, 0.15714285714285714, 0.2112676056338028, 0.2590909090909091, 0.3010752688172043, 0.3575757575757576]
['xerces_0.75_w_iP(50%)', 0.49, 0.33658536585365856, 0.29523809523809524, 0.41203703703703703, 0.49029126213592233, 0.32222222222222224, 0.3923444976076555, 0.35323383084577115, 0.35353535353535354, 0.33962264150943394, 0.2046783625730994, 0.25]
['xerces_0.75_w_iP(75%)', 0.33653846153846156, 0.725, 0.6715686274509803, 0.3951219512195122, 0.4947916666666667, 0.2698412698412698, 0.6615384615384615, 0.37628865979381443, 0.4639175257731959, 0.6137566137566137, 0.4263157894736842, 0.41798941798941797]
['xerces_0.25_iP(25%)', 0.13471502590673576, 0.19786096256684493, 0.10270270270270271, 0.2127659574468085, 0.05116279069767442, 0.13122171945701358, 0.26804123711340205, 0.2535885167464115, 0.0975609756097561, 0.16022099447513813, 0.08152173913043478, 0.13131313131313133]
['xerces_0.25_iP(50%)', 0.19047619047619047, 0.1277533039647577, 0.2611464968152866, 0.12626262626262627, 0.26244343891402716, 0.11, 0.16336633663366337, 0.211340206185567, 0.06763285024154589, 0.21693121693121692, 0.26905829596412556, 0.2159090909090909]
['xerces_0.25_iP(75%)', 0.3388888888888889, 0.21142857142857144, 0.3541666666666667, 0.20618556701030927, 0.2569832402234637, 0.16201117318435754, 0.30113636363636365, 0.21686746987951808, 0.20574162679425836, 0.10606060606060606, 0.31843575418994413, 0.3411214953271028]
['xerces_0.5_iP(25%)', 0.23118279569892472, 0.25471698113207547, 0.15311004784688995, 0.19369369369369369, 0.17277486910994763, 0.19248826291079812, 0.1590909090909091, 0.24431818181818182, 0.13836477987421383, 0.1278538812785388, 0.3212121212121212, 0.2552083333333333]
['xerces_0.5_iP(50%)', 0.3804347826086957, 0.2583732057416268, 0.35858585858585856, 0.3390804597701149, 0.44878048780487806, 0.3, 0.34554973821989526, 0.34134615384615385, 0.14432989690721648, 0.30319148936170215, 0.3969849246231156, 0.27722772277227725]
['xerces_0.5_iP(75%)', 0.25, 0.6714975845410628, 0.43349753694581283, 0.4694835680751174, 0.3697916666666667, 0.3924731182795699, 0.4146341463414634, 0.41116751269035534, 0.345, 0.6057142857142858, 0.4585365853658537, 0.5904255319148937]
['xerces_0.75_iP(25%)', 0.3275862068965517, 0.40782122905027934, 0.2564102564102564, 0.37962962962962965, 0.23404255319148937, 0.35978835978835977, 0.21787709497206703, 0.3118811881188119, 0.19718309859154928, 0.4397905759162304, 0.2372093023255814, 0.35319148936170214]
['xerces_0.75_iP(50%)', 0.18226600985221675, 0.2781065088757396, 0.5625, 0.3380952380952381, 0.2826086956521739, 0.26373626373626374, 0.3417085427135678, 0.47058823529411764, 0.25773195876288657, 0.28761061946902655, 0.24509803921568626, 0.4948453608247423]
['xerces_0.75_iP(75%)', 0.3194444444444444, 0.5123152709359606, 0.7085427135678392, 0.4175824175824176, 0.5174129353233831, 0.34951456310679613, 0.4585635359116022, 0.4900990099009901, 0.4883720930232558, 0.45901639344262296, 0.30917874396135264, 0.44976076555023925]
