['jedit_Base', 0.03773584905660377, 0.0821256038647343, 0.11981566820276497, 0.01951219512195122, 0.15609756097560976, 0.0365296803652968, 0.07177033492822966, 0.20465116279069767, 0.047619047619047616, 0.08823529411764706, 0.15311004784688995, 0.04265402843601896]
['jedit_0.25', 0.3103448275862069, 0.38388625592417064, 0.35023041474654376, 0.26540284360189575, 0.3867924528301887, 0.32211538461538464, 0.32701421800947866, 0.3615023474178404, 0.35071090047393366, 0.4318181818181818, 0.35071090047393366, 0.3302325581395349]
['jedit_0.5', 0.2753623188405797, 0.3778801843317972, 0.49282296650717705, 0.2995391705069124, 0.32701421800947866, 0.35377358490566035, 0.49767441860465117, 0.3952380952380952, 0.4976303317535545, 0.5069767441860465, 0.3767441860465116, 0.5592417061611374]
['jedit_0.75', 0.6415094339622641, 0.5308056872037915, 0.5639810426540285, 0.5188679245283019, 0.386046511627907, 0.5497630331753555, 0.2112676056338028, 0.41232227488151657, 0.4807692307692308, 0.44711538461538464, 0.6697247706422018, 0.7110091743119266]
['jedit_0.25_w', 0.24311926605504589, 0.22119815668202766, 0.37383177570093457, 0.41346153846153844, 0.27884615384615385, 0.2815533980582524, 0.38028169014084506, 0.3062200956937799, 0.3486238532110092, 0.24423963133640553, 0.2560386473429952, 0.3033175355450237]
['jedit_0.5_w', 0.42592592592592593, 0.5238095238095238, 0.4392523364485981, 0.4858490566037736, 0.5165876777251185, 0.41904761904761906, 0.2488479262672811, 0.4597156398104265, 0.357487922705314, 0.5862068965517241, 0.38571428571428573, 0.5231481481481481]
['jedit_0.75_w', 0.6923076923076923, 0.5, 0.6127450980392157, 0.6981132075471698, 0.8490566037735849, 0.6, 0.5904761904761905, 0.5665024630541872, 0.7136150234741784, 0.7440758293838863, 0.8571428571428571, 0.3867924528301887]
['jedit_0.25_w_iP(25%)', 0.047619047619047616, 0.2590909090909091, 0.061611374407582936, 0.14705882352941177, 0.2119815668202765, 0.07317073170731707, 0.29245283018867924, 0.17452830188679244, 0.20930232558139536, 0.15023474178403756, 0.19523809523809524, 0.2651162790697674]
['jedit_0.25_w_iP(50%)', 0.20657276995305165, 0.291866028708134, 0.23414634146341465, 0.19047619047619047, 0.19523809523809524, 0.3118811881188119, 0.2175925925925926, 0.24, 0.2850467289719626, 0.2347417840375587, 0.2651162790697674, 0.31336405529953915]
['jedit_0.25_w_iP(75%)', 0.18309859154929578, 0.3069306930693069, 0.2619047619047619, 0.2980769230769231, 0.36936936936936937, 0.4084507042253521, 0.3875598086124402, 0.2647058823529412, 0.2714285714285714, 0.25, 0.3480392156862745, 0.27488151658767773]
['jedit_0.5_w_iP(25%)', 0.2372093023255814, 0.27014218009478674, 0.2403846153846154, 0.22748815165876776, 0.14479638009049775, 0.12206572769953052, 0.17050691244239632, 0.15121951219512195, 0.2616822429906542, 0.2383177570093458, 0.14150943396226415, 0.12037037037037036]
['jedit_0.5_w_iP(50%)', 0.3698630136986301, 0.45454545454545453, 0.36018957345971564, 0.45871559633027525, 0.3492822966507177, 0.4292237442922374, 0.3870967741935484, 0.3915094339622642, 0.3348623853211009, 0.40186915887850466, 0.4046511627906977, 0.4423076923076923]
['jedit_0.5_w_iP(75%)', 0.4429223744292237, 0.4608294930875576, 0.4975124378109453, 0.4460093896713615, 0.4507042253521127, 0.41706161137440756, 0.42788461538461536, 0.24761904761904763, 0.4325581395348837, 0.3456221198156682, 0.33490566037735847, 0.49056603773584906]
['jedit_0.75_w_iP(25%)', 0.44019138755980863, 0.24170616113744076, 0.14492753623188406, 0.2398190045248869, 0.29767441860465116, 0.2374429223744292, 0.22857142857142856, 0.205607476635514, 0.3119266055045872, 0.3004694835680751, 0.34328358208955223, 0.2175925925925926]
['jedit_0.75_w_iP(50%)', 0.48826291079812206, 0.7268518518518519, 0.5654205607476636, 0.5794392523364486, 0.3933649289099526, 0.5231481481481481, 0.4786729857819905, 0.5, 0.3490566037735849, 0.5829383886255924, 0.3055555555555556, 0.5970873786407767]
['jedit_0.75_w_iP(75%)', 0.676056338028169, 0.43902439024390244, 0.5231481481481481, 0.6, 0.46411483253588515, 0.7699530516431925, 0.7373271889400922, 0.6113744075829384, 0.6292682926829268, 0.6009389671361502, 0.6948356807511737, 0.5523809523809524]
['jedit_0.25_iP(25%)', 0.2641509433962264, 0.21559633027522937, 0.1, 0.12077294685990338, 0.16666666666666666, 0.0660377358490566, 0.107981220657277, 0.15023474178403756, 0.27230046948356806, 0.27488151658767773, 0.20574162679425836, 0.24423963133640553]
['jedit_0.25_iP(50%)', 0.18604651162790697, 0.21296296296296297, 0.17757009345794392, 0.2535211267605634, 0.19718309859154928, 0.2548076923076923, 0.25471698113207547, 0.24528301886792453, 0.29577464788732394, 0.17209302325581396, 0.16589861751152074, 0.2535885167464115]
['jedit_0.25_iP(75%)', 0.23786407766990292, 0.38095238095238093, 0.3033175355450237, 0.45145631067961167, 0.32710280373831774, 0.23148148148148148, 0.23113207547169812, 0.33962264150943394, 0.39903846153846156, 0.2583732057416268, 0.32038834951456313, 0.3062200956937799]
['jedit_0.5_iP(25%)', 0.14883720930232558, 0.12796208530805686, 0.20930232558139536, 0.22018348623853212, 0.19444444444444445, 0.32019704433497537, 0.17209302325581396, 0.27014218009478674, 0.22065727699530516, 0.04807692307692308, 0.21844660194174756, 0.2863849765258216]
['jedit_0.5_iP(50%)', 0.35071090047393366, 0.20952380952380953, 0.4095238095238095, 0.2641509433962264, 0.3961352657004831, 0.4558139534883721, 0.3744075829383886, 0.37264150943396224, 0.4036697247706422, 0.37799043062200954, 0.41509433962264153, 0.3062200956937799]
['jedit_0.5_iP(75%)', 0.5280373831775701, 0.37383177570093457, 0.5753424657534246, 0.4807692307692308, 0.37962962962962965, 0.424390243902439, 0.45794392523364486, 0.25120772946859904, 0.330188679245283, 0.5821596244131455, 0.38207547169811323, 0.4339622641509434]
['jedit_0.75_iP(25%)', 0.2347417840375587, 0.32367149758454106, 0.16346153846153846, 0.2824074074074074, 0.21739130434782608, 0.22641509433962265, 0.2304147465437788, 0.20192307692307693, 0.25, 0.29107981220657275, 0.22477064220183487, 0.23267326732673269]
['jedit_0.75_iP(50%)', 0.5849056603773585, 0.28846153846153844, 0.49038461538461536, 0.463768115942029, 0.5238095238095238, 0.4325581395348837, 0.48095238095238096, 0.6308411214953271, 0.555045871559633, 0.5147058823529411, 0.4788732394366197, 0.6255924170616114]
['jedit_0.75_iP(75%)', 0.6346153846153846, 0.42995169082125606, 0.5904761904761905, 0.543778801843318, 0.5922330097087378, 0.6497695852534562, 0.5902439024390244, 0.3671497584541063, 0.5221674876847291, 0.35609756097560974, 0.3640552995391705, 0.5167464114832536]
