['Baseline', 1.0, 1.0, 1.0, 1.0, 1.0, 1.0, 1.0, 1.0, 1.0, 1.0, 1.0, 1.0, 1.0, 1.0, 1.0, 1.0, 1.0, 1.0, 1.0, 1.0, 1.0, 1.0, 1.0, 1.0]
['0.25-weight', 0.7137592916325666, 0.7021395788489667, 0.6560350967312231, 0.692964383531442, 0.6478135716684863, 0.6525134783524167, 0.7212418750211157, 0.693152177148895, 0.7668388614369962, 0.6874106880817258, 0.6476834173095932, 0.6813025346743928, 0.7027754526414238, 0.6338857966146332, 0.7165293052502046, 0.7282947745227266, 0.6943371323504698, 0.6814580462398134, 0.6609364605830269, 0.7220546119366289, 0.7848725272761132, 0.6718401265854397, 0.7172303220393378, 0.7197370932196918]
['0.5-weight', 0.40442112056106694, 0.40550780300132605, 0.42373783472994797, 0.5389158828089051, 0.49258614651696947, 0.5497532404514324, 0.4095200568481857, 0.4194749882929412, 0.4074941718700084, 0.4503707372282931, 0.5140574657226263, 0.39366705940900687, 0.4350093638667098, 0.4631283875468157, 0.4391047568162187, 0.4540059536715816, 0.4610090846646552, 0.5454625143760409, 0.41771875063269964, 0.38137054323334063, 0.47527954266244016, 0.49139938063911204, 0.37235086193965466, 0.4652779597416723]
['0.75-weight', 0.45573025318985444, 0.22188173376677067, 0.2233622699937812, 0.2061349124500581, 0.3227056411795663, 0.19474164263837815, 0.19645067757054413, 0.20076988227686693, 0.2305818223346805, 0.18022817540795708, 0.22871771005017386, 0.5776200540216848, 0.22169148826715995, 0.20723084114328716, 0.19620196626129505, 0.3202643666812488, 0.20556077267837958, 0.20471470236876724, 0.22653934069686996, 0.28423263869065285, 0.33952688230432515, 0.2367146969384665, 0.23043970889197585, 0.21802963294021344]
['0.25-weight-B=25', 0.6292946749131902, 0.7240852751627628, 0.6570688120494502, 0.6418033210635746, 0.6923626974927308, 0.629716534166272, 0.6505373424024249, 0.6464843107601707, 0.6160004648557202, 0.6597994736276933, 0.614806067232238, 0.678044729478049, 0.6680695798020969, 0.5952551645568265, 0.6582365449866392, 0.6354808263509336, 0.7007196917126597, 0.6207689716868838, 0.6655425365532633, 0.6851823600118974, 0.6792186187129919, 0.6228464809815344, 0.6469349566283691, 0.6489084929131891]
['0.5-weight-B=25', 0.37228434252701603, 0.4322879287531378, 0.4157038498126157, 0.36756511760763955, 0.37589910242473235, 0.4499896519750354, 0.42171964072745327, 0.4096179284132406, 0.37216156521492566, 0.4250721826092121, 0.374119679356281, 0.4096709308909348, 0.3720559301734895, 0.44506758408726466, 0.34435432033665164, 0.42607791098956316, 0.39317766083116396, 0.3478075083953582, 0.38663582999985413, 0.3675094533684087, 0.5141045365978733, 0.36542685812746445, 0.4225781890921672, 0.35983041491859313]
['0.75-weight-B=25', 0.206510037341517, 0.22273197139427067, 0.1854210716323539, 0.19608990173854535, 0.24063387195290092, 0.20191468328737858, 0.17178668646965525, 0.23350714952752855, 0.15040964663687909, 0.1645636799558939, 0.18794430692572514, 0.22710095631034868, 0.20172636696027582, 0.18316043656888023, 0.21582528654972305, 0.19609360122855155, 0.22738781645188422, 0.1759002564113345, 0.29375587741478076, 0.26152213933667373, 0.2032073689947511, 0.1641002662945882, 0.2021706429211757, 0.1822681700680081]
['0.25-weight-B=50', 0.68248391758756, 0.7359588051313539, 0.6266446014325808, 0.6701903130310966, 0.6386288702223664, 0.6226934665189555, 0.6348379848919055, 0.6628972022239537, 0.677247525104512, 0.6810594441535145, 0.6197091629218238, 0.670799996037425, 0.6372408468712484, 0.6597427468249449, 0.7139371956729171, 0.6884390826330444, 0.6987842713421124, 0.6745337837558653, 0.6625573000327418, 0.6104629010983825, 0.6616215563145046, 0.632877117246539, 0.6443458223826322, 0.6317982396046189]
['0.5-weight-B=50', 0.5319240206013691, 0.3899977633619716, 0.4024703944792978, 0.41537457479980144, 0.38016505696208686, 0.34061834060267204, 0.36787984593256734, 0.5621489140173613, 0.3813862743321469, 0.3529040558634993, 0.39871835642974557, 0.3648266552960381, 0.3702856789407392, 0.4518721728335991, 0.3571788288131144, 0.3976413967825561, 0.5758151168500838, 0.3972422716251561, 0.46859294027537396, 0.3936979516682007, 0.395751049057564, 0.4096567173424303, 0.4143092579134518, 0.43011528627674006]
['0.75-weight-B=50', 0.17843198101281244, 0.2567646572603199, 0.18487884349807807, 0.1779917206505182, 0.1431924327019156, 0.21108294550137566, 0.1973466932283732, 0.15850160228888002, 0.20453540596403424, 0.23969483001248673, 0.2014818948436905, 0.19504774944027928, 0.2431799051719446, 0.21211099497379132, 0.20048298464437359, 0.167897962274584, 0.17408298015696722, 0.19506602828285785, 0.24784562068341262, 0.1720584138761397, 0.16464581722731184, 0.27835182837007433, 0.18446893859231328, 0.17574542716215225]
